 -0.4987
   1.343
   2.494
   1.853
   1.266
 -0.1834
  0.4508
  0.9493
   1.707
   1.967
   1.958
 -0.3234
  -1.462
 -0.8499
  0.4254
   1.578
   2.888
   2.462
   2.387
   1.383
   1.803
   2.839
   3.631
   4.104
   3.882
    2.28
   0.969
-0.06226
  0.1033
   1.831
   2.253
   2.533
   1.025
  0.3763
  0.5282
   1.662
   2.743
   4.041
   3.667
   2.737
  0.9807
 0.05831
 -0.1162
  0.2094
   1.157
   1.111
  0.3031
  -1.584
  -1.915
  -1.199
 -0.3525
    1.04
     2.1
   1.179
  0.4151
   -1.44
 -0.9106
 -0.8665
  0.5058
 -0.1677
 -0.6497
  -2.713
  -3.526
  -3.576
  -3.135
 -0.9895
 -0.4233
 -0.6742
  -1.067
  -2.306
  -2.406
  -1.144
  -0.381
  0.6567
  -0.233
  -2.304
  -3.181
  -4.141
  -4.065
   -2.31
  -1.395
  -1.021
  -1.946
  -2.563
  -3.327
  -2.098
 -0.5376
  0.5219
   1.305
 0.04276
  -1.717
  -2.818
  -1.809
  -1.435
 -0.1871
 -0.5287
  -0.691
  -1.959
  -2.472
  -1.453
-0.06332
   1.727
   2.537
   2.006
   1.139
 -0.1675
-0.08135
   1.103
   1.713
   1.914
   1.901
  0.4521
  -1.243
 -0.9709
  0.4517
   1.864
   3.035
    3.26
   2.228
   1.429
   1.111
   2.438
   3.335
   4.247
   3.605
   1.994
  0.7129
-0.05337
  0.6416
   1.567
   2.789
   2.583
   1.684
  0.4155
  0.2461
  0.9327
    3.11
   3.452
   3.288
   2.633
  0.9268
 -0.2677
 -0.2231
  0.2105
    1.47
    1.42
  0.4249
  -1.453
   -2.28
  -1.113
  0.1096
  0.9706
   2.061
  0.8575
 -0.3244
 -0.6736
  -1.069
 -0.5653
  0.1855
   0.186
 -0.6935
  -2.386
  -4.203
  -4.197
  -2.395
  -1.077
 -0.5602
 -0.5477
   -1.06
  -2.679
  -2.746
   -1.04
 -0.8093
 -0.2703
 -0.8405
  -1.636
  -3.298
  -4.628
  -3.384
  -2.665
  -1.758
  -1.523
  -2.236
  -2.602
   -2.91
  -1.614
 -0.6788
   0.784
   0.607
 -0.4913
  -1.396
  -2.272
  -2.304
 -0.8373
  -0.456
  0.2527
 -0.6994
  -2.141
   -2.68
   -1.92
 0.04242
   1.203
   2.433
   1.597
   1.335
 -0.2109
  0.6719
  0.6924
   1.952
   2.219
   1.916
 0.09172
 -0.7769
  -1.122
  0.3493
   1.811
   3.023
   3.089
   2.039
  0.8708
   1.528
    2.46
   3.314
   3.646
   3.102
   2.355
  0.7832
 0.01774
  0.3673
   1.134
   2.606
   1.887
    1.66
  0.1859
  0.8882
   1.099
    3.24
    3.59
   3.576
   2.211
  0.6222
  0.2256
   0.214
  0.1379
   0.904
   1.369
 -0.2378
  -1.749
  -2.293
  -1.587
 -0.4614
   1.088
   1.561
   1.638
 -0.3559
  -0.948
 -0.8231
 -0.1365
 -0.1606
  0.2462
 -0.4387
  -2.414
  -3.953
  -3.947
  -2.463
  -1.754
 -0.3496
 -0.9028
  -1.372
  -2.251
  -2.436
  -1.595
 -0.2449
  0.6232
 -0.5804
  -2.315
  -3.446
  -4.015
  -4.042
  -2.623
  -1.031
  -1.135
   -2.21
  -2.501
  -3.049
  -2.058
-0.07831
   1.121
  0.6706
   0.123
  -1.602
  -2.711
  -2.413
 -0.9905
-0.05265
 -0.5629
  -1.415
  -2.195
  -2.766
  -2.082
  0.2249
   1.843
   2.564
   1.601
  0.4929
  0.1066
  0.4681
   1.325
   1.988
    1.87
   1.139
 -0.1319
  -1.258
 -0.8969
  0.2635
   2.018
   2.838
   3.247
   2.227
  0.9171
    1.79
   2.189
   3.119
   4.033
   3.051
   2.358
  0.3741
-0.06215
  0.7125
   1.586
   2.671
   2.446
   1.585
  0.7732
-0.04946
   1.166
   3.029
   4.167
   3.934
   2.886
  0.9173
  0.1034
 -0.4913
  0.8552
   1.581
   1.222
  0.1685
  -1.502
  -1.619
  -1.184
 -0.4185
   1.754
   1.715
   1.226
 -0.3597
 -0.5986
  -1.085
 -0.8837
-0.03637
  0.5156
   -1.01
   -2.76
  -3.977
  -3.326
  -3.235
  -1.672
  -0.931
 -0.4566
  -1.601
  -2.765
  -2.178
  -1.334
 -0.3016
 -0.2723
 -0.7122
  -1.637
  -3.932
  -3.933
  -3.228
   -2.59
  -1.282
  -1.035
  -1.731
  -2.492
  -2.997
  -2.058
  -0.396
  0.3825
   1.244
 -0.4677
  -1.286
  -2.666
  -2.567
  -1.627
-0.09266
  0.2716
  -1.012
   -2.26
  -2.255
  -2.127
 -0.3616
     1.7
   2.372
   1.803
  0.7858
  0.2505
  0.7247
  0.7962
   2.327
   2.596
   1.591
  0.2456
 -0.9033
 -0.8334
 0.07011
   1.905
   3.107
   3.028
   2.402
   1.852
   1.556
   2.474
   3.598
   4.092
    3.96
   1.752
  0.7027
-0.04869
  0.4784
   1.548
   2.324
   2.852
   1.617
  0.2733
  0.2727
   1.478
   2.686
   3.976
   3.706
   2.795
  0.3862
 -0.3008
  0.1387
  0.9489
   1.383
   1.328
  0.5086
  -1.389
  -1.503
  -1.444
  0.3694
  0.9374
   2.343
  0.9176
 -0.4346
  -1.475
  -1.152
 -0.3262
  0.3584
  0.4855
 -0.3842
  -2.788
   -3.82
  -3.716
  -2.298
  -1.442
 -0.8195
  -1.054
  -1.255
  -2.854
  -2.451
   -1.53
-0.08775
  0.2331
-0.05013
  -1.643
  -3.529
  -3.895
  -3.836
  -2.091
  -1.374
  -1.341
  -1.899
  -2.673
  -2.523
  -1.615
 -0.4287
  0.4342
  0.4713
  0.1987
  -1.815
  -2.149
   -2.27
 -0.8472
  0.2414
 -0.3472
 -0.5689
  -2.401
  -2.766
  -1.841
  0.3138
   1.964
   2.807
   1.772
  0.6726
  0.5173
   0.585
  0.6862
   1.799
   2.269
   1.864
  0.1038
