   8.0000000e-03   0.0000000e+00   0.0000000e+00   0.0000000e+00
   3.8640000e+00   0.0000000e+00   0.0000000e+00   0.0000000e+00
   6.7840000e+00   0.0000000e+00   0.0000000e+00   0.0000000e+00
   9.7200000e+00   0.0000000e+00   0.0000000e+00   0.0000000e+00
   1.2648000e+01   0.0000000e+00   0.0000000e+00   0.0000000e+00
   2.1948000e+01   0.0000000e+00   0.0000000e+00   0.0000000e+00
   3.2348000e+01   0.0000000e+00   0.0000000e+00   0.0000000e+00
   4.2748000e+01   0.0000000e+00   0.0000000e+00   0.0000000e+00
   5.3148000e+01   0.0000000e+00   0.0000000e+00   0.0000000e+00
   6.3548000e+01   0.0000000e+00   0.0000000e+00   0.0000000e+00
   7.3952000e+01   0.0000000e+00   0.0000000e+00   0.0000000e+00
   8.4348000e+01   0.0000000e+00   0.0000000e+00   0.0000000e+00
   9.4748000e+01   0.0000000e+00   0.0000000e+00   0.0000000e+00
   1.0514800e+02   0.0000000e+00   0.0000000e+00   0.0000000e+00
   1.1555200e+02   0.0000000e+00   0.0000000e+00   0.0000000e+00
   1.2595200e+02   0.0000000e+00   0.0000000e+00   0.0000000e+00
   1.3635600e+02   0.0000000e+00   0.0000000e+00   0.0000000e+00
   1.4675200e+02   0.0000000e+00   0.0000000e+00   0.0000000e+00
   1.5715200e+02   0.0000000e+00   0.0000000e+00   0.0000000e+00
   1.6755200e+02   0.0000000e+00   0.0000000e+00   0.0000000e+00
   1.7795200e+02   0.0000000e+00   0.0000000e+00   0.0000000e+00
   1.8835200e+02   0.0000000e+00   0.0000000e+00   0.0000000e+00
   1.9875200e+02   0.0000000e+00   0.0000000e+00   0.0000000e+00
   2.0915200e+02   0.0000000e+00   0.0000000e+00   0.0000000e+00
   2.1955200e+02   0.0000000e+00   0.0000000e+00   0.0000000e+00
   2.2995200e+02   0.0000000e+00   0.0000000e+00   0.0000000e+00
   2.4035200e+02   0.0000000e+00   0.0000000e+00   0.0000000e+00
   2.5075200e+02   0.0000000e+00   0.0000000e+00   0.0000000e+00
   2.6115200e+02   0.0000000e+00   0.0000000e+00   0.0000000e+00
   2.7155600e+02   0.0000000e+00  -4.3604651e-02  -6.9852382e-01
   2.8195200e+02   0.0000000e+00  -4.3604651e-02   0.0000000e+00
   2.9235200e+02   0.0000000e+00  -4.3604651e-02   0.0000000e+00
   3.0275200e+02   0.0000000e+00  -4.3604651e-02   0.0000000e+00
   3.1315200e+02   0.0000000e+00  -4.3604651e-02   0.0000000e+00
   3.2355200e+02   0.0000000e+00  -4.3604651e-02   0.0000000e+00
   3.3395200e+02   0.0000000e+00  -4.3604651e-02   0.0000000e+00
   3.4435200e+02   0.0000000e+00  -4.3604651e-02   0.0000000e+00
   3.5476800e+02   0.0000000e+00  -4.3604651e-02   0.0000000e+00
   3.6515200e+02   0.0000000e+00  -4.3604651e-02   0.0000000e+00
   3.7555200e+02   0.0000000e+00  -4.3604651e-02   0.0000000e+00
   3.8595200e+02   0.0000000e+00  -4.3604651e-02   0.0000000e+00
   3.9635200e+02   0.0000000e+00  -4.3604651e-02   0.0000000e+00
   4.0675200e+02   0.0000000e+00  -4.3604651e-02   0.0000000e+00
   4.1715200e+02   0.0000000e+00  -4.3604651e-02   0.0000000e+00
   4.2755200e+02   0.0000000e+00  -4.3604651e-02   0.0000000e+00
   4.3795200e+02   0.0000000e+00  -4.3604651e-02   0.0000000e+00
   4.4835200e+02   0.0000000e+00  -4.3604651e-02   0.0000000e+00
   4.5875200e+02   0.0000000e+00  -4.3604651e-02   0.0000000e+00
   4.6915600e+02   0.0000000e+00  -4.3604651e-02   0.0000000e+00
   4.7955200e+02   0.0000000e+00  -4.3604651e-02   0.0000000e+00
   4.8995200e+02   0.0000000e+00  -4.3604651e-02   0.0000000e+00
   5.0035200e+02   0.0000000e+00  -4.3604651e-02   0.0000000e+00
   5.1075200e+02   0.0000000e+00  -4.3604651e-02   0.0000000e+00
   5.2115200e+02   0.0000000e+00  -4.3604651e-02   0.0000000e+00
   5.3155200e+02   0.0000000e+00  -4.3604651e-02   0.0000000e+00
   5.4195200e+02   0.0000000e+00  -4.3604651e-02   0.0000000e+00
   5.5235200e+02   0.0000000e+00  -4.3604651e-02   0.0000000e+00
   5.6275200e+02   0.0000000e+00  -4.3604651e-02   0.0000000e+00
   5.7315200e+02   0.0000000e+00  -4.3604651e-02   0.0000000e+00
   5.8355200e+02   0.0000000e+00  -4.3604651e-02   0.0000000e+00
   5.9395200e+02   0.0000000e+00  -4.3604651e-02   0.0000000e+00
   6.0435600e+02   0.0000000e+00  -4.3604651e-02   0.0000000e+00
   6.1476800e+02   0.0000000e+00  -4.3604651e-02   0.0000000e+00
   6.2515200e+02   0.0000000e+00  -4.3604651e-02   0.0000000e+00
   6.3555200e+02   0.0000000e+00  -4.3604651e-02   0.0000000e+00
   6.4595200e+02   0.0000000e+00  -4.3604651e-02   0.0000000e+00
   6.5635200e+02   0.0000000e+00  -4.3604651e-02   0.0000000e+00
   6.6675200e+02   0.0000000e+00  -4.3604651e-02   0.0000000e+00
   6.7715200e+02   0.0000000e+00  -4.3604651e-02   0.0000000e+00
   6.8755200e+02   0.0000000e+00  -4.3604651e-02   0.0000000e+00
   6.9795200e+02   0.0000000e+00  -4.3604651e-02   0.0000000e+00
   7.0835200e+02   0.0000000e+00  -4.3604651e-02   0.0000000e+00
   7.1875200e+02   0.0000000e+00  -4.3604651e-02   0.0000000e+00
   7.2915200e+02   0.0000000e+00  -4.3604651e-02   0.0000000e+00
   7.3955200e+02   0.0000000e+00  -4.3604651e-02   0.0000000e+00
   7.4995200e+02   0.0000000e+00  -4.3604651e-02   0.0000000e+00
   7.6035200e+02   0.0000000e+00  -4.3604651e-02   0.0000000e+00
   7.7075200e+02   0.0000000e+00  -4.3604651e-02   0.0000000e+00
   7.8115200e+02   0.0000000e+00  -4.3604651e-02   0.0000000e+00
   7.9155200e+02   0.0000000e+00  -4.3604651e-02   0.0000000e+00
   8.0195600e+02   0.0000000e+00  -4.3604651e-02   0.0000000e+00
   8.1235200e+02   0.0000000e+00  -4.3604651e-02   0.0000000e+00
   8.2275200e+02   0.0000000e+00  -4.3604651e-02   0.0000000e+00
   8.3315200e+02   0.0000000e+00  -4.3604651e-02   0.0000000e+00
   8.4355200e+02   0.0000000e+00  -4.3604651e-02   0.0000000e+00
   8.5395200e+02   0.0000000e+00  -4.3604651e-02   0.0000000e+00
   8.6435200e+02   0.0000000e+00  -4.3604651e-02   0.0000000e+00
   8.7475200e+02   0.0000000e+00  -4.3604651e-02   0.0000000e+00
   8.8515200e+02   0.0000000e+00  -4.3604651e-02   0.0000000e+00
   8.9555200e+02   0.0000000e+00  -4.3604651e-02   0.0000000e+00
   9.0595200e+02   0.0000000e+00  -4.3604651e-02   0.0000000e+00
   9.1635200e+02   0.0000000e+00  -4.3604651e-02   0.0000000e+00
   9.2675200e+02   0.0000000e+00  -4.3604651e-02   0.0000000e+00
   9.3715600e+02   0.0000000e+00  -4.3604651e-02   0.0000000e+00
   9.4755200e+02   0.0000000e+00  -4.3604651e-02   0.0000000e+00
   9.5795200e+02   0.0000000e+00  -4.3604651e-02   0.0000000e+00
   9.6835200e+02   0.0000000e+00  -4.3604651e-02   0.0000000e+00
   9.7875200e+02   0.0000000e+00  -4.3604651e-02   0.0000000e+00
   9.8915200e+02   0.0000000e+00  -4.3604651e-02   0.0000000e+00
   9.9955200e+02   0.0000000e+00  -4.3604651e-02   0.0000000e+00
   1.0099520e+03   2.0000000e+02  -4.3604651e-02   0.0000000e+00
   1.0203280e+03   2.0000000e+02  -4.3604651e-02   0.0000000e+00
   1.0307640e+03   2.0000000e+02   1.7441860e-01   3.4819097e+00
   1.0411280e+03   2.0000000e+02   7.4127907e-01   9.1158572e+00
   1.0515560e+03   2.0000000e+02   1.5261628e+00   1.2544491e+01
   1.0619560e+03   2.0000000e+02   2.3982558e+00   1.3975850e+01
   1.0723520e+03   2.0000000e+02   3.3139535e+00   1.4680288e+01
   1.0827280e+03   2.0000000e+02   4.2732558e+00   1.5408994e+01
   1.0931280e+03   2.0000000e+02   5.2761628e+00   1.6072227e+01
   1.1035560e+03   2.0000000e+02   6.2790698e+00   1.6029072e+01
   1.1139800e+03   2.0000000e+02   7.3255814e+00   1.6732406e+01
   1.1243480e+03   2.0000000e+02   8.3284884e+00   1.6121833e+01
   1.1347720e+03   2.0000000e+02   9.3750000e+00   1.6732406e+01
   1.1451280e+03   2.0000000e+02   1.0377907e+01   1.6140514e+01
   1.1555440e+03   2.0000000e+02   1.1424419e+01   1.6745258e+01
   1.1659280e+03   2.0000000e+02   1.2427326e+01   1.6096992e+01
   1.1763280e+03   2.0000000e+02   1.3473837e+01   1.6771020e+01
   1.1867280e+03   2.0000000e+02   1.4520349e+01   1.6771020e+01
   1.1971560e+03   2.0000000e+02   1.5566860e+01   1.6725988e+01
   1.2075680e+03   2.0000000e+02   1.6613372e+01   1.6751691e+01
   1.2179560e+03   2.0000000e+02   1.7616279e+01   1.6090793e+01
   1.2283680e+03   2.0000000e+02   1.8706395e+01   1.7449678e+01
   1.2387640e+03   2.0000000e+02   1.9709302e+01   1.6078411e+01
   1.2491600e+03   2.0000000e+02   2.0755814e+01   1.6777473e+01
   1.2595560e+03   2.0000000e+02   2.1802326e+01   1.6777473e+01
   1.2699720e+03   2.0000000e+02   2.2848837e+01   1.6745258e+01
   1.2803640e+03   2.0000000e+02   2.3895349e+01   1.6783930e+01
   1.2907560e+03   2.0000000e+02   2.4941860e+01   1.6783930e+01
   1.3011520e+03   2.0000000e+02   2.5988372e+01   1.6777473e+01
   1.3115640e+03   2.0000000e+02   2.7034884e+01   1.6751691e+01
   1.3219880e+03   2.0000000e+02   2.8081395e+01   1.6732406e+01
   1.3323560e+03   2.0000000e+02   2.9084302e+01   1.6121833e+01
   1.3427280e+03   2.0000000e+02   3.0087209e+01   1.6115615e+01
   1.3531280e+03   2.0000000e+02   3.1133721e+01   1.6771020e+01
   1.3635280e+03   2.0000000e+02   3.2180233e+01   1.6771020e+01
   1.3739280e+03   2.0000000e+02   3.3226744e+01   1.6771020e+01
   1.3843360e+03   2.0000000e+02   3.4273256e+01   1.6758129e+01
   1.3947280e+03   2.0000000e+02   3.5276163e+01   1.6084600e+01
   1.4051280e+03   2.0000000e+02   3.6322674e+01   1.6771020e+01
   1.4155520e+03   2.0000000e+02   3.7325581e+01   1.6035223e+01
   1.4259800e+03   2.0000000e+02   3.8372093e+01   1.6725988e+01
   1.4363520e+03   2.0000000e+02   3.9375000e+01   1.6115615e+01
   1.4467280e+03   2.0000000e+02   4.0377907e+01   1.6109403e+01
   1.4571280e+03   2.0000000e+02   4.1380814e+01   1.6072227e+01
   1.4675280e+03   2.0000000e+02   4.2427326e+01   1.6771020e+01
   1.4779720e+03   2.0000000e+02   4.3473837e+01   1.6700364e+01
   1.4883520e+03   2.0000000e+02   4.4476744e+01   1.6103195e+01
   1.4987800e+03   2.0000000e+02   4.5566860e+01   1.7422904e+01
   1.5091600e+03   2.0000000e+02   4.6613372e+01   1.6803334e+01
   1.5195440e+03   2.0000000e+02   4.7659884e+01   1.6796861e+01
   1.5299800e+03   2.0000000e+02   4.8706395e+01   1.6713166e+01
   1.5403640e+03   2.0000000e+02   4.9709302e+01   1.6096992e+01
   1.5507520e+03   2.0000000e+02   5.0712209e+01   1.6090793e+01
   1.5611480e+03   2.0000000e+02   5.1758721e+01   1.6777473e+01
   1.5715280e+03   2.0000000e+02   5.2761628e+01   1.6103195e+01
   1.5819280e+03   2.0000000e+02   5.3764535e+01   1.6072227e+01
   1.5923640e+03   2.0000000e+02   5.4767442e+01   1.6016784e+01
   1.6027920e+03   2.0000000e+02   5.5813953e+01   1.6725988e+01
   1.6131280e+03   2.0000000e+02   5.6773256e+01   1.5468626e+01
   1.6235440e+03   2.0000000e+02   5.7819767e+01   1.6745258e+01
   1.6339680e+03   2.0000000e+02   5.8822674e+01   1.6035223e+01
   1.6443520e+03   2.0000000e+02   5.9825581e+01   1.6096992e+01
   1.6547480e+03   2.0000000e+02   6.0828488e+01   1.6078411e+01
   1.6651480e+03   2.0000000e+02   6.1875000e+01   1.6771020e+01
   1.6755280e+03   2.0000000e+02   6.2877907e+01   1.6103195e+01
   1.6859280e+03   2.0000000e+02   6.3880814e+01   1.6072227e+01
   1.6963520e+03   2.0000000e+02   6.4883721e+01   1.6035223e+01
   1.7067600e+03   2.0000000e+02   6.5886628e+01   1.6059873e+01
   1.7171280e+03   2.0000000e+02   6.6889535e+01   1.6121833e+01
   1.7275520e+03   2.0000000e+02   6.7892442e+01   1.6035223e+01
   1.7379640e+03   2.0000000e+02   6.8851744e+01   1.5355717e+01
   1.7483280e+03   2.0000000e+02   6.9854651e+01   1.6128055e+01
   1.7587640e+03   2.0000000e+02   7.0813953e+01   1.5320403e+01
   1.7691480e+03   2.0000000e+02   7.1816860e+01   1.6096992e+01
   1.7795280e+03   2.0000000e+02   7.2776163e+01   1.5403056e+01
   1.7899720e+03   2.0000000e+02   7.3779070e+01   1.6004516e+01
   1.8003280e+03   2.0000000e+02   7.4738372e+01   1.5438753e+01
   1.8107640e+03   2.0000000e+02   7.5697674e+01   1.5320403e+01
   1.8211600e+03   2.0000000e+02   7.6700581e+01   1.6078411e+01
   1.8315280e+03   2.0000000e+02   7.7659884e+01   1.5420884e+01
   1.8419800e+03   2.0000000e+02   7.8662791e+01   1.5992266e+01
   1.8523280e+03   2.0000000e+02   7.9622093e+01   1.5450688e+01
   1.8627680e+03   2.0000000e+02   8.0625000e+01   1.6010648e+01
   1.8731480e+03   2.0000000e+02   8.1584302e+01   1.5403056e+01
   1.8835440e+03   2.0000000e+02   8.2587209e+01   1.6078411e+01
   1.8939520e+03   2.0000000e+02   8.3546512e+01   1.5361618e+01
   1.9043480e+03   2.0000000e+02   8.4549419e+01   1.6078411e+01
   1.9147280e+03   2.0000000e+02   8.5552326e+01   1.6103195e+01
   1.9251640e+03   2.0000000e+02   8.6511628e+01   1.5320403e+01
   1.9355640e+03   2.0000000e+02   8.7514535e+01   1.6072227e+01
   1.9459440e+03   2.0000000e+02   8.8517442e+01   1.6103195e+01
   1.9563640e+03   2.0000000e+02   8.9476744e+01   1.5343927e+01
   1.9667280e+03   2.0000000e+02   9.0436047e+01   1.5426835e+01
   1.9771280e+03   2.0000000e+02   9.1438953e+01   1.6072227e+01
   1.9875920e+03   2.0000000e+02   9.2441860e+01   1.5973926e+01
   1.9979280e+03   2.0000000e+02   9.3401163e+01   1.5468626e+01
   2.0083280e+03   2.0000000e+02   9.4404070e+01   1.6072227e+01
   2.0187520e+03   2.0000000e+02   9.5406977e+01   1.6035223e+01
   2.0291640e+03   2.0000000e+02   9.6453488e+01   1.6751691e+01
   2.0395560e+03   2.0000000e+02   9.7456395e+01   1.6084600e+01
   2.0499280e+03   2.0000000e+02   9.8459302e+01   1.6115615e+01
   2.0603280e+03   2.0000000e+02   9.9462209e+01   1.6072227e+01
   2.0707640e+03   2.0000000e+02   1.0042151e+02   1.5320403e+01
   2.0811280e+03   2.0000000e+02   1.0138081e+02   1.5426835e+01
   2.0915800e+03   2.0000000e+02   1.0238372e+02   1.5992266e+01
   2.1019280e+03   2.0000000e+02   1.0329942e+02   1.4748384e+01
   2.1123480e+03   2.0000000e+02   1.0425872e+02   1.5343927e+01
   2.1227280e+03   2.0000000e+02   1.0521802e+02   1.5403056e+01
   2.1331640e+03   2.0000000e+02   1.0617733e+02   1.5320403e+01
   2.1435600e+03   2.0000000e+02   1.0713663e+02   1.5379350e+01
   2.1539640e+03   2.0000000e+02   1.0809593e+02   1.5367524e+01
   2.1643280e+03   2.0000000e+02   1.0905523e+02   1.5426835e+01
   2.1747480e+03   2.0000000e+02   1.1001453e+02   1.5343927e+01
   2.1851440e+03   2.0000000e+02   1.1101744e+02   1.6078411e+01
   2.1955640e+03   2.0000000e+02   1.1197674e+02   1.5343927e+01
   2.2059280e+03   2.0000000e+02   1.1293605e+02   1.5426835e+01
   2.2163600e+03   2.0000000e+02   1.1389535e+02   1.5326277e+01
   2.2267280e+03   2.0000000e+02   1.1485465e+02   1.5420884e+01
   2.2371640e+03   2.0000000e+02   1.1581395e+02   1.5320403e+01
   2.2475280e+03   2.0000000e+02   1.1677326e+02   1.5426835e+01
   2.2579640e+03   2.0000000e+02   1.1773256e+02   1.5320403e+01
   2.2683320e+03   2.0000000e+02   1.1869186e+02   1.5420884e+01
   2.2787280e+03   2.0000000e+02   1.1969477e+02   1.6078411e+01
   2.2891600e+03   2.0000000e+02   1.2069767e+02   1.6022926e+01
   2.2995280e+03   2.0000000e+02   1.2165698e+02   1.5420884e+01
   2.3099280e+03   2.0000000e+02   1.2265988e+02   1.6072227e+01
   2.3203480e+03   2.0000000e+02   1.2361919e+02   1.5343927e+01
   2.3307280e+03   2.0000000e+02   1.2457849e+02   1.5403056e+01
   2.3411600e+03   2.0000000e+02   1.2553779e+02   1.5326277e+01
   2.3515280e+03   2.0000000e+02   1.2649709e+02   1.5420884e+01
   2.3619600e+03   2.0000000e+02   1.2745640e+02   1.5326277e+01
   2.3723280e+03   2.0000000e+02   1.2841570e+02   1.5420884e+01
   2.3827600e+03   2.0000000e+02   1.2937500e+02   1.5326277e+01
   2.3931280e+03   2.0000000e+02   1.3033430e+02   1.5420884e+01
   2.4035640e+03   2.0000000e+02   1.3129360e+02   1.5320403e+01
   2.4139280e+03   2.0000000e+02   1.3225291e+02   1.5426835e+01
   2.4243560e+03   2.0000000e+02   1.3321221e+02   1.5332156e+01
   2.4347560e+03   2.0000000e+02   1.3412791e+02   1.4674642e+01
   2.4451280e+03   2.0000000e+02   1.3508721e+02   1.5414936e+01
   2.4555880e+03   2.0000000e+02   1.3604651e+02   1.5285251e+01
   2.4659280e+03   2.0000000e+02   1.3696221e+02   1.4759795e+01
   2.4763480e+03   2.0000000e+02   1.3792151e+02   1.5343927e+01
   2.4867440e+03   2.0000000e+02   1.3888081e+02   1.5379350e+01
   2.4971280e+03   2.0000000e+02   1.3979651e+02   1.4697253e+01
   2.5075520e+03   2.0000000e+02   1.4075581e+02   1.5338039e+01
   2.5179280e+03   2.0000000e+02   1.4171512e+02   1.5408994e+01
   2.5283920e+03   2.0000000e+02   1.4267442e+02   1.5279408e+01
   2.5387400e+03   2.0000000e+02   1.4363372e+02   1.5450688e+01
   2.5491480e+03   2.0000000e+02   1.4459302e+02   1.5361618e+01
   2.5595280e+03   2.0000000e+02   1.4550872e+02   1.4702917e+01
   2.5699800e+03   2.0000000e+02   1.4651163e+02   1.5992266e+01
   2.5803280e+03   2.0000000e+02   1.4747093e+02   1.5450688e+01
   2.5907640e+03   2.0000000e+02   1.4843023e+02   1.5320403e+01
   2.6011320e+03   2.0000000e+02   1.4938953e+02   1.5420884e+01
   2.6115520e+03   2.0000000e+02   1.5034884e+02   1.5343927e+01
   2.6219280e+03   2.0000000e+02   1.5130814e+02   1.5408994e+01
   2.6323640e+03   2.0000000e+02   1.5226744e+02   1.5320403e+01
   2.6427280e+03   2.0000000e+02   1.5322674e+02   1.5426835e+01
   2.6531520e+03   2.0000000e+02   1.5418605e+02   1.5338039e+01
   2.6635280e+03   2.0000000e+02   1.5514535e+02   1.5408994e+01
   2.6739520e+03   2.0000000e+02   1.5610465e+02   1.5338039e+01
   2.6843560e+03   2.0000000e+02   1.5710756e+02   1.6066048e+01
   2.6947280e+03   2.0000000e+02   1.5806686e+02   1.5414936e+01
   2.7051600e+03   2.0000000e+02   1.5902616e+02   1.5326277e+01
   2.7155280e+03   2.0000000e+02   1.5998547e+02   1.5420884e+01
   2.7259640e+03   2.0000000e+02   1.6098837e+02   1.6016784e+01
   2.7363280e+03   2.0000000e+02   1.6194767e+02   1.5426835e+01
   2.7467560e+03   2.0000000e+02   1.6290698e+02   1.5332156e+01
   2.7571280e+03   2.0000000e+02   1.6386628e+02   1.5414936e+01
   2.7675640e+03   2.0000000e+02   1.6482558e+02   1.5320403e+01
   2.7779280e+03   2.0000000e+02   1.6578488e+02   1.5426835e+01
   2.7883640e+03   2.0000000e+02   1.6674419e+02   1.5320403e+01
   2.7987280e+03   2.0000000e+02   1.6770349e+02   1.5426835e+01
   2.8091880e+03   2.0000000e+02   1.6866279e+02   1.5285251e+01
   2.8195280e+03   2.0000000e+02   1.6957849e+02   1.4759795e+01
   2.8299480e+03   2.0000000e+02   1.7053779e+02   1.5343927e+01
   2.8403280e+03   2.0000000e+02   1.7149709e+02   1.5403056e+01
   2.8507880e+03   2.0000000e+02   1.7250000e+02   1.5980035e+01
   2.8611280e+03   2.0000000e+02   1.7345930e+02   1.5462642e+01
   2.8715800e+03   2.0000000e+02   1.7441860e+02   1.5296950e+01
   2.8819280e+03   2.0000000e+02   1.7537791e+02   1.5450688e+01
   2.8923880e+03   2.0000000e+02   1.7633721e+02   1.5285251e+01
   2.9027280e+03   2.0000000e+02   1.7729651e+02   1.5462642e+01
   2.9131800e+03   2.0000000e+02   1.7825581e+02   1.5296950e+01
   2.9235280e+03   2.0000000e+02   1.7921512e+02   1.5450688e+01
   2.9339720e+03   2.0000000e+02   1.8017442e+02   1.5308667e+01
   2.9443520e+03   2.0000000e+02   1.8117733e+02   1.6103195e+01
   2.9547280e+03   2.0000000e+02   1.8213663e+02   1.5408994e+01
   2.9651800e+03   2.0000000e+02   1.8313953e+02   1.5992266e+01
   2.9755280e+03   2.0000000e+02   1.8409884e+02   1.5450688e+01
   2.9859800e+03   2.0000000e+02   1.8505814e+02   1.5296950e+01
   2.9963280e+03   2.0000000e+02   1.8597384e+02   1.4748384e+01
   3.0067560e+03   2.0000000e+02   1.8693314e+02   1.5332156e+01
   3.0171280e+03   2.0000000e+02   1.8789244e+02   1.5414936e+01
   3.0275600e+03   2.0000000e+02   1.8885174e+02   1.5326277e+01
   3.0379280e+03   2.0000000e+02   1.8981105e+02   1.5420884e+01
   3.0483480e+03   2.0000000e+02   1.9077035e+02   1.5343927e+01
   3.0587280e+03   2.0000000e+02   1.9172965e+02   1.5403056e+01
   3.0691640e+03   2.0000000e+02   1.9268895e+02   1.5320403e+01
   3.0795280e+03   2.0000000e+02   1.9364826e+02   1.5426835e+01
   3.0899480e+03   2.0000000e+02   1.9460756e+02   1.5343927e+01
   3.1003280e+03   2.0000000e+02   1.9556686e+02   1.5403056e+01
   3.1107480e+03   2.0000000e+02   1.9652616e+02   1.5343927e+01
   3.1211640e+03   2.0000000e+02   1.9744186e+02   1.4652101e+01
   3.1315280e+03   2.0000000e+02   1.9840116e+02   1.5426835e+01
   3.1419560e+03   2.0000000e+02   1.9936047e+02   1.5332156e+01
   3.1523280e+03   2.0000000e+02   2.0031977e+02   1.5414936e+01
   3.1627640e+03   2.0000000e+02   2.0127907e+02   1.5320403e+01
   3.1731280e+03   2.0000000e+02   2.0223837e+02   1.5426835e+01
   3.1835920e+03   2.0000000e+02   2.0319767e+02   1.5279408e+01
   3.1939280e+03   2.0000000e+02   2.0411337e+02   1.4765507e+01
   3.2043600e+03   2.0000000e+02   2.0507267e+02   1.5326277e+01
   3.2147280e+03   2.0000000e+02   2.0603198e+02   1.5420884e+01
   3.2251800e+03   2.0000000e+02   2.0699128e+02   1.5296950e+01
   3.2355520e+03   2.0000000e+02   2.0790698e+02   1.4714258e+01
   3.2459280e+03   2.0000000e+02   2.0886628e+02   1.5408994e+01
   3.2563920e+03   2.0000000e+02   2.0982558e+02   1.5279408e+01
   3.2667320e+03   2.0000000e+02   2.1074128e+02   1.4759795e+01
   3.2771840e+03   2.0000000e+02   2.1170058e+02   1.5296950e+01
   3.2875280e+03   2.0000000e+02   2.1265988e+02   1.5456663e+01
   3.2979480e+03   2.0000000e+02   2.1361919e+02   1.5343927e+01
   3.3083280e+03   2.0000000e+02   2.1462209e+02   1.6103195e+01
   3.3187600e+03   2.0000000e+02   2.1558140e+02   1.5326277e+01
   3.3291280e+03   2.0000000e+02   2.1654070e+02   1.5420884e+01
   3.3395640e+03   2.0000000e+02   2.1750000e+02   1.5320403e+01
   3.3499280e+03   2.0000000e+02   2.1845930e+02   1.5426835e+01
   3.3603640e+03   2.0000000e+02   2.1941860e+02   1.5320403e+01
   3.3707280e+03   2.0000000e+02   2.2037791e+02   1.5426835e+01
   3.3811280e+03   2.0000000e+02   2.2138081e+02   1.6072227e+01
   3.3915600e+03   2.0000000e+02   2.2234012e+02   1.5326277e+01
   3.4019280e+03   2.0000000e+02   2.2334302e+02   1.6121833e+01
   3.4123600e+03   2.0000000e+02   2.2430233e+02   1.5326277e+01
   3.4227280e+03   2.0000000e+02   2.2526163e+02   1.5420884e+01
   3.4331920e+03   2.0000000e+02   2.2622093e+02   1.5279408e+01
   3.4435280e+03   2.0000000e+02   2.2713663e+02   1.4765507e+01
   3.4539480e+03   2.0000000e+02   2.2809593e+02   1.5343927e+01
   3.4643280e+03   2.0000000e+02   2.2905523e+02   1.5403056e+01
   3.4747600e+03   2.0000000e+02   2.3001453e+02   1.5326277e+01
   3.4851680e+03   2.0000000e+02   2.3097384e+02   1.5361618e+01
   3.4955280e+03   2.0000000e+02   2.3188953e+02   1.4731301e+01
   3.5059520e+03   2.0000000e+02   2.3284884e+02   1.5338039e+01
   3.5163280e+03   2.0000000e+02   2.3380814e+02   1.5408994e+01
   3.5267520e+03   2.0000000e+02   2.3476744e+02   1.5338039e+01
   3.5371400e+03   2.0000000e+02   2.3572674e+02   1.5391194e+01
   3.5475600e+03   2.0000000e+02   2.3664244e+02   1.4646476e+01
   3.5579280e+03   2.0000000e+02   2.3760174e+02   1.5420884e+01
   3.5683560e+03   2.0000000e+02   2.3856105e+02   1.5332156e+01
   3.5787280e+03   2.0000000e+02   2.3952035e+02   1.5414936e+01
   3.5891680e+03   2.0000000e+02   2.4047965e+02   1.5314533e+01
   3.5995680e+03   2.0000000e+02   2.4139535e+02   1.4674642e+01
   3.6099280e+03   2.0000000e+02   2.4235465e+02   1.5432792e+01
   3.6203640e+03   2.0000000e+02   2.4331395e+02   1.5320403e+01
   3.6307280e+03   2.0000000e+02   2.4427326e+02   1.5426835e+01
   3.6411640e+03   2.0000000e+02   2.4523256e+02   1.5320403e+01
   3.6515440e+03   2.0000000e+02   2.4619186e+02   1.5403056e+01
   3.6619600e+03   2.0000000e+02   2.4710756e+02   1.4652101e+01
   3.6723280e+03   2.0000000e+02   2.4806686e+02   1.5420884e+01
   3.6827600e+03   2.0000000e+02   2.4902616e+02   1.5326277e+01
   3.6931280e+03   2.0000000e+02   2.4998547e+02   1.5420884e+01
   3.7035560e+03   2.0000000e+02   2.5098837e+02   1.6029072e+01
   3.7139280e+03   2.0000000e+02   2.5194767e+02   1.5414936e+01
   3.7243640e+03   2.0000000e+02   2.5295058e+02   1.6016784e+01
   3.7347760e+03   2.0000000e+02   2.5390988e+02   1.5355717e+01
   3.7451280e+03   2.0000000e+02   2.5486919e+02   1.5444718e+01
   3.7555880e+03   2.0000000e+02   2.5582849e+02   1.5285251e+01
   3.7659440e+03   2.0000000e+02   2.5678779e+02   1.5438753e+01
   3.7763280e+03   2.0000000e+02   2.5770349e+02   1.4697253e+01
   3.7867520e+03   2.0000000e+02   2.5866279e+02   1.5338039e+01
   3.7971280e+03   2.0000000e+02   2.5962209e+02   1.5408994e+01
   3.8075640e+03   2.0000000e+02   2.6058140e+02   1.5320403e+01
   3.8179280e+03   2.0000000e+02   2.6154070e+02   1.5426835e+01
   3.8283720e+03   2.0000000e+02   2.6250000e+02   1.5308667e+01
   3.8387440e+03   2.0000000e+02   2.6345930e+02   1.5414936e+01
   3.8491480e+03   2.0000000e+02   2.6437500e+02   1.4669000e+01
   3.8595280e+03   2.0000000e+02   2.6533430e+02   1.5403056e+01
   3.8699560e+03   2.0000000e+02   2.6629360e+02   1.5332156e+01
   3.8803280e+03   2.0000000e+02   2.6729651e+02   1.6115615e+01
   3.8907640e+03   2.0000000e+02   2.6825581e+02   1.5320403e+01
   3.9011520e+03   2.0000000e+02   2.6925872e+02   1.6090793e+01
   3.9115280e+03   2.0000000e+02   2.7026163e+02   1.6109403e+01
   3.9219640e+03   2.0000000e+02   2.7122093e+02   1.5320403e+01
   3.9323320e+03   2.0000000e+02   2.7218023e+02   1.5420884e+01
   3.9427520e+03   2.0000000e+02   2.7313953e+02   1.5343927e+01
   3.9531280e+03   2.0000000e+02   2.7409884e+02   1.5408994e+01
   3.9635560e+03   2.0000000e+02   2.7510174e+02   1.6029072e+01
   3.9739600e+03   2.0000000e+02   2.7606105e+02   1.5367524e+01
   3.9843280e+03   2.0000000e+02   2.7702035e+02   1.5420884e+01
   3.9947640e+03   2.0000000e+02   2.7797965e+02   1.5320403e+01
   4.0051440e+03   2.0000000e+02   2.7893895e+02   1.5403056e+01
   4.0155920e+03   2.0000000e+02   2.7989826e+02   1.5302806e+01
   4.0259520e+03   2.0000000e+02   2.8081395e+02   1.4731301e+01
   4.0363280e+03   2.0000000e+02   2.8177326e+02   1.5408994e+01
   4.0467560e+03   2.0000000e+02   2.8273256e+02   1.5332156e+01
   4.0571280e+03   2.0000000e+02   2.8369186e+02   1.5414936e+01
   4.0675560e+03   2.0000000e+02   2.8465116e+02   1.5332156e+01
   4.0779280e+03   2.0000000e+02   2.8561047e+02   1.5414936e+01
   4.0883600e+03   2.0000000e+02   2.8656977e+02   1.5326277e+01
   4.0987480e+03   2.0000000e+02   2.8757267e+02   1.6090793e+01
   4.1091280e+03   2.0000000e+02   2.8853198e+02   1.5403056e+01
   4.1195920e+03   2.0000000e+02   2.8953488e+02   1.5973926e+01
   4.1299280e+03   2.0000000e+02   2.9049419e+02   1.5468626e+01
   4.1403640e+03   2.0000000e+02   2.9145349e+02   1.5320403e+01
   4.1507280e+03   2.0000000e+02   2.9241279e+02   1.5426835e+01
   4.1611920e+03   2.0000000e+02   2.9337209e+02   1.5279408e+01
   4.1715280e+03   2.0000000e+02   2.9428779e+02   1.4765507e+01
   4.1819520e+03   2.0000000e+02   2.9524709e+02   1.5338039e+01
   4.1923440e+03   2.0000000e+02   2.9620640e+02   1.5385270e+01
   4.2027280e+03   2.0000000e+02   2.9712209e+02   1.4697253e+01
   4.2131520e+03   2.0000000e+02   2.9808140e+02   1.5338039e+01
   4.2235280e+03   2.0000000e+02   2.9904070e+02   1.5408994e+01
   4.2339520e+03   2.0000000e+02   2.9995640e+02   1.4640856e+01
   4.2443280e+03   2.0000000e+02   3.0091570e+02   1.5408994e+01
   4.2547520e+03   2.0000000e+02   3.0187500e+02   1.5338039e+01
   4.2651720e+03   2.0000000e+02   3.0283430e+02   1.5343927e+01
   4.2755280e+03   2.0000000e+02   3.0375000e+02   1.4736991e+01
   4.2859640e+03   2.0000000e+02   3.0470930e+02   1.5320403e+01
   4.2963440e+03   2.0000000e+02   3.0566860e+02   1.5403056e+01
   4.3067480e+03   2.0000000e+02   3.0658430e+02   1.4669000e+01
   4.3171280e+03   2.0000000e+02   3.0758721e+02   1.6103195e+01
   4.3275280e+03   2.0000000e+02   3.0859012e+02   1.6072227e+01
   4.3379520e+03   2.0000000e+02   3.0959302e+02   1.6035223e+01
   4.3483600e+03   2.0000000e+02   3.1059593e+02   1.6059873e+01
   4.3587280e+03   2.0000000e+02   3.1155523e+02   1.5420884e+01
   4.3691520e+03   2.0000000e+02   3.1255814e+02   1.6035223e+01
   4.3795280e+03   2.0000000e+02   3.1351744e+02   1.5408994e+01
   4.3899640e+03   2.0000000e+02   3.1447674e+02   1.5320403e+01
   4.4003280e+03   2.0000000e+02   3.1543605e+02   1.5426835e+01
   4.4107520e+03   2.0000000e+02   3.1639535e+02   1.5338039e+01
   4.4211280e+03   2.0000000e+02   3.1735465e+02   1.5408994e+01
   4.4315480e+03   2.0000000e+02   3.1827035e+02   1.4646476e+01
   4.4419280e+03   2.0000000e+02   3.1922965e+02   1.5403056e+01
   4.4523560e+03   2.0000000e+02   3.2018895e+02   1.5332156e+01
   4.4627280e+03   2.0000000e+02   3.2114826e+02   1.5414936e+01
   4.4731880e+03   2.0000000e+02   3.2215116e+02   1.5980035e+01
   4.4835440e+03   2.0000000e+02   3.2311047e+02   1.5438753e+01
   4.4939600e+03   2.0000000e+02   3.2406977e+02   1.5349820e+01
   4.5043280e+03   2.0000000e+02   3.2502907e+02   1.5420884e+01
   4.5147560e+03   2.0000000e+02   3.2598837e+02   1.5332156e+01
   4.5251280e+03   2.0000000e+02   3.2694767e+02   1.5414936e+01
   4.5355280e+03   2.0000000e+02   3.2795058e+02   1.6072227e+01
   4.5459600e+03   2.0000000e+02   3.2890988e+02   1.5326277e+01
   4.5563280e+03   2.0000000e+02   3.2986919e+02   1.5420884e+01
   4.5667560e+03   2.0000000e+02   3.3082849e+02   1.5332156e+01
   4.5771440e+03   2.0000000e+02   3.3183140e+02   1.6090793e+01
   4.5875800e+03   2.0000000e+02   3.3279070e+02   1.5320403e+01
   4.5979520e+03   2.0000000e+02   3.3375000e+02   1.5414936e+01
   4.6083880e+03   2.0000000e+02   3.3470930e+02   1.5320403e+01
   4.6187280e+03   2.0000000e+02   3.3562500e+02   1.4759795e+01
   4.6291920e+03   2.0000000e+02   3.3662791e+02   1.5973926e+01
   4.6395280e+03   2.0000000e+02   3.3758721e+02   1.5468626e+01
   4.6499520e+03   2.0000000e+02   3.3854651e+02   1.5338039e+01
   4.6603280e+03   2.0000000e+02   3.3950581e+02   1.5408994e+01
   4.6707560e+03   2.0000000e+02   3.4046512e+02   1.5332156e+01
   4.6811280e+03   2.0000000e+02   3.4142442e+02   1.5414936e+01
   4.6915520e+03   2.0000000e+02   3.4238372e+02   1.5338039e+01
   4.7019280e+03   2.0000000e+02   3.4334302e+02   1.5408994e+01
   4.7123640e+03   2.0000000e+02   3.4430233e+02   1.5320403e+01
   4.7227280e+03   2.0000000e+02   3.4526163e+02   1.5426835e+01
   4.7331480e+03   2.0000000e+02   3.4626453e+02   1.6041378e+01
   4.7435600e+03   2.0000000e+02   3.4722384e+02   1.5355717e+01
   4.7539280e+03   2.0000000e+02   3.4818314e+02   1.5420884e+01
   4.7643480e+03   2.0000000e+02   3.4914244e+02   1.5343927e+01
   4.7747280e+03   2.0000000e+02   3.5010174e+02   1.5403056e+01
   4.7851560e+03   2.0000000e+02   3.5106105e+02   1.5332156e+01
   4.7955280e+03   2.0000000e+02   3.5202035e+02   1.5414936e+01
   4.8059600e+03   2.0000000e+02   3.5297965e+02   1.5326277e+01
   4.8163640e+03   2.0000000e+02   3.5393895e+02   1.5367524e+01
   4.8267280e+03   2.0000000e+02   3.5485465e+02   1.4725616e+01
   4.8371560e+03   2.0000000e+02   3.5581395e+02   1.5332156e+01
   4.8475280e+03   2.0000000e+02   3.5677326e+02   1.5414936e+01
   4.8579560e+03   2.0000000e+02   3.5773256e+02   1.5332156e+01
   4.8683440e+03   2.0000000e+02   3.5869186e+02   1.5391194e+01
   4.8787520e+03   2.0000000e+02   3.5960756e+02   1.4663363e+01
   4.8891280e+03   2.0000000e+02   3.6056686e+02   1.5408994e+01
   4.8995600e+03   2.0000000e+02   3.6152616e+02   1.5326277e+01
   4.9099280e+03   2.0000000e+02   3.6248547e+02   1.5420884e+01
   4.9203520e+03   2.0000000e+02   3.6344477e+02   1.5338039e+01
   4.9307320e+03   2.0000000e+02   3.6440407e+02   1.5403056e+01
   4.9411920e+03   2.0000000e+02   3.6540698e+02   1.5980035e+01
   4.9515280e+03   2.0000000e+02   3.6636628e+02   1.5468626e+01
   4.9619520e+03   2.0000000e+02   3.6732558e+02   1.5338039e+01
   4.9723280e+03   2.0000000e+02   3.6828488e+02   1.5408994e+01
   4.9827560e+03   2.0000000e+02   3.6924419e+02   1.5332156e+01
   4.9931280e+03   2.0000000e+02   3.7020349e+02   1.5414936e+01
