   8.0000000e-03   0.0000000e+00   0.0000000e+00   0.0000000e+00
   3.8640000e+00   0.0000000e+00   0.0000000e+00   0.0000000e+00
   6.7840000e+00   0.0000000e+00   0.0000000e+00   0.0000000e+00
   9.7440000e+00   0.0000000e+00   0.0000000e+00   0.0000000e+00
   1.2672000e+01   0.0000000e+00   0.0000000e+00   0.0000000e+00
   2.1952000e+01   0.0000000e+00   0.0000000e+00   0.0000000e+00
   3.2360000e+01   0.0000000e+00   0.0000000e+00   0.0000000e+00
   4.2752000e+01   0.0000000e+00   0.0000000e+00   0.0000000e+00
   5.3152000e+01   0.0000000e+00   0.0000000e+00   0.0000000e+00
   6.3552000e+01   0.0000000e+00   0.0000000e+00   0.0000000e+00
   7.3952000e+01   0.0000000e+00   0.0000000e+00   0.0000000e+00
   8.4352000e+01   0.0000000e+00   0.0000000e+00   0.0000000e+00
   9.4752000e+01   0.0000000e+00   0.0000000e+00   0.0000000e+00
   1.0515200e+02   0.0000000e+00   0.0000000e+00   0.0000000e+00
   1.1555600e+02   0.0000000e+00   0.0000000e+00   0.0000000e+00
   1.2595600e+02   0.0000000e+00   0.0000000e+00   0.0000000e+00
   1.3635600e+02   0.0000000e+00   0.0000000e+00   0.0000000e+00
   1.4675600e+02   0.0000000e+00   0.0000000e+00   0.0000000e+00
   1.5715600e+02   0.0000000e+00   0.0000000e+00   0.0000000e+00
   1.6755600e+02   0.0000000e+00   0.0000000e+00   0.0000000e+00
   1.7795600e+02   0.0000000e+00   0.0000000e+00   0.0000000e+00
   1.8835600e+02   0.0000000e+00   0.0000000e+00   0.0000000e+00
   1.9875600e+02   0.0000000e+00   0.0000000e+00   0.0000000e+00
   2.0915600e+02   0.0000000e+00   0.0000000e+00   0.0000000e+00
   2.1955600e+02   0.0000000e+00   0.0000000e+00   0.0000000e+00
   2.2996000e+02   0.0000000e+00   0.0000000e+00   0.0000000e+00
   2.4035600e+02   0.0000000e+00   0.0000000e+00   0.0000000e+00
   2.5075600e+02   0.0000000e+00   0.0000000e+00   0.0000000e+00
   2.6115600e+02   0.0000000e+00   0.0000000e+00   0.0000000e+00
   2.7155600e+02   0.0000000e+00   0.0000000e+00   0.0000000e+00
   2.8195600e+02   0.0000000e+00   0.0000000e+00   0.0000000e+00
   2.9235600e+02   0.0000000e+00   0.0000000e+00   0.0000000e+00
   3.0275600e+02   0.0000000e+00   0.0000000e+00   0.0000000e+00
   3.1315600e+02   0.0000000e+00   0.0000000e+00   0.0000000e+00
   3.2355600e+02   0.0000000e+00   0.0000000e+00   0.0000000e+00
   3.3395600e+02   0.0000000e+00   0.0000000e+00   0.0000000e+00
   3.4435600e+02   0.0000000e+00   0.0000000e+00   0.0000000e+00
   3.5475600e+02   0.0000000e+00   0.0000000e+00   0.0000000e+00
   3.6516000e+02   0.0000000e+00   0.0000000e+00   0.0000000e+00
   3.7555600e+02   0.0000000e+00   0.0000000e+00   0.0000000e+00
   3.8595600e+02   0.0000000e+00   0.0000000e+00   0.0000000e+00
   3.9635600e+02   0.0000000e+00   0.0000000e+00   0.0000000e+00
   4.0675600e+02   0.0000000e+00   0.0000000e+00   0.0000000e+00
   4.1715600e+02   0.0000000e+00   0.0000000e+00   0.0000000e+00
   4.2755600e+02   0.0000000e+00   0.0000000e+00   0.0000000e+00
   4.3795600e+02   0.0000000e+00   0.0000000e+00   0.0000000e+00
   4.4835600e+02   0.0000000e+00   0.0000000e+00   0.0000000e+00
   4.5875600e+02   0.0000000e+00   0.0000000e+00   0.0000000e+00
   4.6915600e+02   0.0000000e+00   0.0000000e+00   0.0000000e+00
   4.7955600e+02   0.0000000e+00   0.0000000e+00   0.0000000e+00
   4.8995600e+02   0.0000000e+00   0.0000000e+00   0.0000000e+00
   5.0035600e+02   0.0000000e+00   0.0000000e+00   0.0000000e+00
   5.1075600e+02   0.0000000e+00   0.0000000e+00   0.0000000e+00
   5.2115600e+02   0.0000000e+00   0.0000000e+00   0.0000000e+00
   5.3155600e+02   0.0000000e+00   0.0000000e+00   0.0000000e+00
   5.4195600e+02   0.0000000e+00   0.0000000e+00   0.0000000e+00
   5.5235600e+02   0.0000000e+00   0.0000000e+00   0.0000000e+00
   5.6276000e+02   0.0000000e+00   0.0000000e+00   0.0000000e+00
   5.7315600e+02   0.0000000e+00   0.0000000e+00   0.0000000e+00
   5.8355600e+02   0.0000000e+00   0.0000000e+00   0.0000000e+00
   5.9395600e+02   0.0000000e+00   0.0000000e+00   0.0000000e+00
   6.0435600e+02   0.0000000e+00   0.0000000e+00   0.0000000e+00
   6.1475600e+02   0.0000000e+00   0.0000000e+00   0.0000000e+00
   6.2515600e+02   0.0000000e+00   0.0000000e+00   0.0000000e+00
   6.3555600e+02   0.0000000e+00   0.0000000e+00   0.0000000e+00
   6.4595600e+02   0.0000000e+00   0.0000000e+00   0.0000000e+00
   6.5635600e+02   0.0000000e+00   0.0000000e+00   0.0000000e+00
   6.6675600e+02   0.0000000e+00   0.0000000e+00   0.0000000e+00
   6.7715600e+02   0.0000000e+00   0.0000000e+00   0.0000000e+00
   6.8755600e+02   0.0000000e+00   0.0000000e+00   0.0000000e+00
   6.9796000e+02   0.0000000e+00   0.0000000e+00   0.0000000e+00
   7.0835600e+02   0.0000000e+00   0.0000000e+00   0.0000000e+00
   7.1875600e+02   0.0000000e+00   0.0000000e+00   0.0000000e+00
   7.2915600e+02   0.0000000e+00   0.0000000e+00   0.0000000e+00
   7.3955600e+02   0.0000000e+00   0.0000000e+00   0.0000000e+00
   7.4995600e+02   0.0000000e+00   0.0000000e+00   0.0000000e+00
   7.6035600e+02   0.0000000e+00   0.0000000e+00   0.0000000e+00
   7.7075600e+02   0.0000000e+00   0.0000000e+00   0.0000000e+00
   7.8115600e+02   0.0000000e+00   0.0000000e+00   0.0000000e+00
   7.9155600e+02   0.0000000e+00  -4.3604651e-02  -6.9879249e-01
   8.0195600e+02   0.0000000e+00  -4.3604651e-02   0.0000000e+00
   8.1235600e+02   0.0000000e+00  -4.3604651e-02   0.0000000e+00
   8.2275600e+02   0.0000000e+00  -4.3604651e-02   0.0000000e+00
   8.3315600e+02   0.0000000e+00  -4.3604651e-02   0.0000000e+00
   8.4355600e+02   0.0000000e+00  -4.3604651e-02   0.0000000e+00
   8.5395600e+02   0.0000000e+00  -4.3604651e-02   0.0000000e+00
   8.6435600e+02   0.0000000e+00  -4.3604651e-02   0.0000000e+00
   8.7475600e+02   0.0000000e+00  -4.3604651e-02   0.0000000e+00
   8.8515600e+02   0.0000000e+00  -4.3604651e-02   0.0000000e+00
   8.9556000e+02   0.0000000e+00  -4.3604651e-02   0.0000000e+00
   9.0595600e+02   0.0000000e+00  -4.3604651e-02   0.0000000e+00
   9.1635600e+02   0.0000000e+00  -4.3604651e-02   0.0000000e+00
   9.2675600e+02   0.0000000e+00  -4.3604651e-02   0.0000000e+00
   9.3715600e+02   0.0000000e+00  -4.3604651e-02   0.0000000e+00
   9.4755600e+02   0.0000000e+00  -4.3604651e-02   0.0000000e+00
   9.5795600e+02   0.0000000e+00  -4.3604651e-02   0.0000000e+00
   9.6835600e+02   0.0000000e+00  -4.3604651e-02   0.0000000e+00
   9.7875600e+02   0.0000000e+00  -4.3604651e-02   0.0000000e+00
   9.8915600e+02   0.0000000e+00  -4.3604651e-02   0.0000000e+00
   9.9955600e+02   0.0000000e+00  -4.3604651e-02   0.0000000e+00
   1.0099560e+03  -2.0000000e+02  -4.3604651e-02   0.0000000e+00
   1.0203320e+03  -2.0000000e+02  -4.3604651e-02   0.0000000e+00
   1.0307360e+03  -2.0000000e+02  -4.3604651e-02   0.0000000e+00
   1.0411320e+03  -2.0000000e+02  -8.7209302e-02  -6.9906136e-01
   1.0515320e+03  -2.0000000e+02  -6.1046512e-01  -8.3855098e+00
   1.0619320e+03  -2.0000000e+02  -1.3081395e+00  -1.1180680e+01
   1.0723680e+03  -2.0000000e+02  -2.1366279e+00  -1.3231257e+01
   1.0827320e+03  -2.0000000e+02  -3.0523256e+00  -1.4725616e+01
   1.0931320e+03  -2.0000000e+02  -3.9680233e+00  -1.4674642e+01
   1.1035320e+03  -2.0000000e+02  -4.9709302e+00  -1.6072227e+01
   1.1140480e+03  -2.0000000e+02  -5.9738372e+00  -1.5894938e+01
   1.1244440e+03  -2.0000000e+02  -6.9767442e+00  -1.6078411e+01
   1.1347400e+03  -2.0000000e+02  -7.9796512e+00  -1.6234573e+01
   1.1451320e+03  -2.0000000e+02  -8.9825581e+00  -1.6084600e+01
   1.1555320e+03  -2.0000000e+02  -1.0029070e+01  -1.6771020e+01
   1.1659480e+03  -2.0000000e+02  -1.1075581e+01  -1.6745258e+01
   1.1763680e+03  -2.0000000e+02  -1.2078488e+01  -1.6041378e+01
   1.1868880e+03  -2.0000000e+02  -1.3125000e+01  -1.6579715e+01
   1.1971320e+03  -2.0000000e+02  -1.4127907e+01  -1.6316982e+01
   1.2075320e+03  -2.0000000e+02  -1.5130814e+01  -1.6072227e+01
   1.2179600e+03  -2.0000000e+02  -1.6177326e+01  -1.6725988e+01
   1.2283320e+03  -2.0000000e+02  -1.7180233e+01  -1.6115615e+01
   1.2387320e+03  -2.0000000e+02  -1.8226744e+01  -1.6771020e+01
   1.2491320e+03  -2.0000000e+02  -1.9273256e+01  -1.6771020e+01
   1.2595480e+03  -2.0000000e+02  -2.0319767e+01  -1.6745258e+01
   1.2699320e+03  -2.0000000e+02  -2.1322674e+01  -1.6096992e+01
   1.2804440e+03  -2.0000000e+02  -2.2369186e+01  -1.6592333e+01
   1.2909240e+03  -2.0000000e+02  -2.3415698e+01  -1.6642997e+01
   1.3012600e+03  -2.0000000e+02  -2.4418605e+01  -1.6171746e+01
   1.3115320e+03  -2.0000000e+02  -2.5465116e+01  -1.6980004e+01
   1.3219320e+03  -2.0000000e+02  -2.6468023e+01  -1.6072227e+01
   1.3323320e+03  -2.0000000e+02  -2.7514535e+01  -1.6771020e+01
   1.3427320e+03  -2.0000000e+02  -2.8517442e+01  -1.6072227e+01
   1.3531320e+03  -2.0000000e+02  -2.9563953e+01  -1.6771020e+01
   1.3635360e+03  -2.0000000e+02  -3.0610465e+01  -1.6764572e+01
   1.3739600e+03  -2.0000000e+02  -3.1656977e+01  -1.6732406e+01
   1.3843560e+03  -2.0000000e+02  -3.2659884e+01  -1.6078411e+01
   1.3947320e+03  -2.0000000e+02  -3.3706395e+01  -1.6809812e+01
   1.4051320e+03  -2.0000000e+02  -3.4752907e+01  -1.6771020e+01
   1.4156960e+03  -2.0000000e+02  -3.5799419e+01  -1.6510659e+01
   1.4260480e+03  -2.0000000e+02  -3.6802326e+01  -1.6146751e+01
   1.4363320e+03  -2.0000000e+02  -3.7805233e+01  -1.6253516e+01
   1.4467320e+03  -2.0000000e+02  -3.8808140e+01  -1.6072227e+01
   1.4571320e+03  -2.0000000e+02  -3.9811047e+01  -1.6072227e+01
   1.4675320e+03  -2.0000000e+02  -4.0813953e+01  -1.6072227e+01
   1.4779320e+03  -2.0000000e+02  -4.1816860e+01  -1.6072227e+01
   1.4883560e+03  -2.0000000e+02  -4.2863372e+01  -1.6732406e+01
   1.4987600e+03  -2.0000000e+02  -4.3909884e+01  -1.6764572e+01
   1.5091320e+03  -2.0000000e+02  -4.4912791e+01  -1.6115615e+01
   1.5195320e+03  -2.0000000e+02  -4.5959302e+01  -1.6771020e+01
   1.5299680e+03  -2.0000000e+02  -4.6962209e+01  -1.6016784e+01
   1.5403520e+03  -2.0000000e+02  -4.7965116e+01  -1.6096992e+01
   1.5507320e+03  -2.0000000e+02  -4.8968023e+01  -1.6103195e+01
   1.5611560e+03  -2.0000000e+02  -4.9970930e+01  -1.6035223e+01
   1.5716160e+03  -2.0000000e+02  -5.0973837e+01  -1.5980035e+01
   1.5820640e+03  -2.0000000e+02  -5.1976744e+01  -1.5998388e+01
   1.5923400e+03  -2.0000000e+02  -5.2979651e+01  -1.6266170e+01
   1.6027360e+03  -2.0000000e+02  -5.4026163e+01  -1.6777473e+01
   1.6131600e+03  -2.0000000e+02  -5.5072674e+01  -1.6732406e+01
   1.6235320e+03  -2.0000000e+02  -5.6075581e+01  -1.6115615e+01
   1.6339320e+03  -2.0000000e+02  -5.7165698e+01  -1.7469812e+01
   1.6443600e+03  -2.0000000e+02  -5.8212209e+01  -1.6725988e+01
   1.6547320e+03  -2.0000000e+02  -5.9258721e+01  -1.6816294e+01
   1.6651320e+03  -2.0000000e+02  -6.0261628e+01  -1.6072227e+01
   1.6755320e+03  -2.0000000e+02  -6.1308140e+01  -1.6771020e+01
   1.6859720e+03  -2.0000000e+02  -6.2354651e+01  -1.6706763e+01
   1.6963760e+03  -2.0000000e+02  -6.3357558e+01  -1.6066048e+01
   1.7067680e+03  -2.0000000e+02  -6.4404070e+01  -1.6783930e+01
   1.7171680e+03  -2.0000000e+02  -6.5450581e+01  -1.6771020e+01
   1.7275520e+03  -2.0000000e+02  -6.6453488e+01  -1.6096992e+01
   1.7379320e+03  -2.0000000e+02  -6.7456395e+01  -1.6103195e+01
   1.7483320e+03  -2.0000000e+02  -6.8459302e+01  -1.6072227e+01
   1.7587720e+03  -2.0000000e+02  -6.9462209e+01  -1.6010648e+01
   1.7692600e+03  -2.0000000e+02  -7.0465116e+01  -1.5937373e+01
   1.7797200e+03  -2.0000000e+02  -7.1511628e+01  -1.6674819e+01
   1.7899320e+03  -2.0000000e+02  -7.2514535e+01  -1.6368112e+01
   1.8003320e+03  -2.0000000e+02  -7.3561047e+01  -1.6771020e+01
   1.8107400e+03  -2.0000000e+02  -7.4607558e+01  -1.6758129e+01
   1.8211320e+03  -2.0000000e+02  -7.5654070e+01  -1.6783930e+01
   1.8315400e+03  -2.0000000e+02  -7.6700581e+01  -1.6758129e+01
   1.8419440e+03  -2.0000000e+02  -7.7747093e+01  -1.6764572e+01
   1.8523400e+03  -2.0000000e+02  -7.8793605e+01  -1.6777473e+01
   1.8627400e+03  -2.0000000e+02  -7.9840116e+01  -1.6771020e+01
   1.8731400e+03  -2.0000000e+02  -8.0886628e+01  -1.6771020e+01
   1.8836360e+03  -2.0000000e+02  -8.1976744e+01  -1.7310027e+01
   1.8940280e+03  -2.0000000e+02  -8.3023256e+01  -1.6783930e+01
   1.9044000e+03  -2.0000000e+02  -8.4069767e+01  -1.6816294e+01
   1.9148120e+03  -2.0000000e+02  -8.5116279e+01  -1.6751691e+01
   1.9252000e+03  -2.0000000e+02  -8.6206395e+01  -1.7489993e+01
   1.9355720e+03  -2.0000000e+02  -8.7252907e+01  -1.6816294e+01
   1.9459560e+03  -2.0000000e+02  -8.8299419e+01  -1.6796861e+01
   1.9563560e+03  -2.0000000e+02  -8.9345930e+01  -1.6771020e+01
   1.9667320e+03  -2.0000000e+02  -9.0436047e+01  -1.7510220e+01
   1.9771320e+03  -2.0000000e+02  -9.1482558e+01  -1.6771020e+01
   1.9875320e+03  -2.0000000e+02  -9.2529070e+01  -1.6771020e+01
   1.9979320e+03  -2.0000000e+02  -9.3575581e+01  -1.6771020e+01
   2.0083680e+03  -2.0000000e+02  -9.4665698e+01  -1.7409548e+01
   2.0187320e+03  -2.0000000e+02  -9.5712209e+01  -1.6829275e+01
   2.0291480e+03  -2.0000000e+02  -9.6758721e+01  -1.6745258e+01
   2.0395320e+03  -2.0000000e+02  -9.7805233e+01  -1.6796861e+01
   2.0499320e+03  -2.0000000e+02  -9.8851744e+01  -1.6771020e+01
   2.0603400e+03  -2.0000000e+02  -9.9898256e+01  -1.6758129e+01
   2.0707320e+03  -2.0000000e+02  -1.0094477e+02  -1.6783930e+01
   2.0811320e+03  -2.0000000e+02  -1.0199128e+02  -1.6771020e+01
   2.0915400e+03  -2.0000000e+02  -1.0303779e+02  -1.6758129e+01
   2.1019480e+03  -2.0000000e+02  -1.0408430e+02  -1.6758129e+01
   2.1123320e+03  -2.0000000e+02  -1.0513081e+02  -1.6796861e+01
   2.1227320e+03  -2.0000000e+02  -1.0617733e+02  -1.6771020e+01
   2.1331440e+03  -2.0000000e+02  -1.0722384e+02  -1.6751691e+01
   2.1435360e+03  -2.0000000e+02  -1.0827035e+02  -1.6783930e+01
   2.1539320e+03  -2.0000000e+02  -1.0931686e+02  -1.6777473e+01
   2.1643320e+03  -2.0000000e+02  -1.1036337e+02  -1.6771020e+01
   2.1749000e+03  -2.0000000e+02  -1.1145349e+02  -1.7192094e+01
   2.1852280e+03  -2.0000000e+02  -1.1250000e+02  -1.6887936e+01
   2.1955520e+03  -2.0000000e+02  -1.1354651e+02  -1.6894479e+01
   2.2059320e+03  -2.0000000e+02  -1.1459302e+02  -1.6803334e+01
   2.2165640e+03  -2.0000000e+02  -1.1563953e+02  -1.6405061e+01
   2.2267480e+03  -2.0000000e+02  -1.1664244e+02  -1.6413115e+01
   2.2371400e+03  -2.0000000e+02  -1.1768895e+02  -1.6783930e+01
   2.2475320e+03  -2.0000000e+02  -1.1873547e+02  -1.6783930e+01
   2.2579720e+03  -2.0000000e+02  -1.1982558e+02  -1.7402878e+01
   2.2683600e+03  -2.0000000e+02  -1.2087209e+02  -1.6790393e+01
   2.2788400e+03  -2.0000000e+02  -1.2191860e+02  -1.6642997e+01
   2.2892320e+03  -2.0000000e+02  -1.2296512e+02  -1.6783930e+01
   2.2996160e+03  -2.0000000e+02  -1.2401163e+02  -1.6796861e+01
   2.3100680e+03  -2.0000000e+02  -1.2505814e+02  -1.6687582e+01
   2.3203520e+03  -2.0000000e+02  -1.2610465e+02  -1.6960191e+01
   2.3308440e+03  -2.0000000e+02  -1.2719477e+02  -1.7316627e+01
   2.3412080e+03  -2.0000000e+02  -1.2824128e+02  -1.6829275e+01
   2.3515360e+03  -2.0000000e+02  -1.2928779e+02  -1.6887936e+01
   2.3619360e+03  -2.0000000e+02  -1.3033430e+02  -1.6771020e+01
   2.3724840e+03  -2.0000000e+02  -1.3138081e+02  -1.6535704e+01
   2.3827920e+03  -2.0000000e+02  -1.3238372e+02  -1.6215674e+01
   2.3932360e+03  -2.0000000e+02  -1.3343023e+02  -1.6700364e+01
   2.4036320e+03  -2.0000000e+02  -1.3447674e+02  -1.6777473e+01
   2.4140400e+03  -2.0000000e+02  -1.3552326e+02  -1.6758129e+01
   2.4244720e+03  -2.0000000e+02  -1.3661337e+02  -1.7416224e+01
   2.4348040e+03  -2.0000000e+02  -1.3765988e+02  -1.6881398e+01
   2.4451640e+03  -2.0000000e+02  -1.3870640e+02  -1.6835773e+01
   2.4555640e+03  -2.0000000e+02  -1.3975291e+02  -1.6771020e+01
   2.4659640e+03  -2.0000000e+02  -1.4075581e+02  -1.6072227e+01
   2.4763320e+03  -2.0000000e+02  -1.4175872e+02  -1.6121833e+01
   2.4867480e+03  -2.0000000e+02  -1.4276163e+02  -1.6047539e+01
   2.4971640e+03  -2.0000000e+02  -1.4372093e+02  -1.5349820e+01
   2.5075320e+03  -2.0000000e+02  -1.4472384e+02  -1.6121833e+01
   2.5179600e+03  -2.0000000e+02  -1.4568314e+02  -1.5332156e+01
   2.5283880e+03  -2.0000000e+02  -1.4668605e+02  -1.6029072e+01
   2.5388280e+03  -2.0000000e+02  -1.4773256e+02  -1.6706763e+01
   2.5491320e+03  -2.0000000e+02  -1.4873547e+02  -1.6221968e+01
   2.5595320e+03  -2.0000000e+02  -1.4978198e+02  -1.6771020e+01
   2.5699320e+03  -2.0000000e+02  -1.5082849e+02  -1.6771020e+01
   2.5803320e+03  -2.0000000e+02  -1.5187500e+02  -1.6771020e+01
   2.5907320e+03  -2.0000000e+02  -1.5292151e+02  -1.6771020e+01
   2.6011320e+03  -2.0000000e+02  -1.5396802e+02  -1.6771020e+01
   2.6115320e+03  -2.0000000e+02  -1.5501453e+02  -1.6771020e+01
   2.6219320e+03  -2.0000000e+02  -1.5606105e+02  -1.6771020e+01
   2.6323920e+03  -2.0000000e+02  -1.5715116e+02  -1.7369603e+01
   2.6427960e+03  -2.0000000e+02  -1.5819767e+02  -1.6764572e+01
   2.6531520e+03  -2.0000000e+02  -1.5924419e+02  -1.6842275e+01
   2.6636000e+03  -2.0000000e+02  -1.6029070e+02  -1.6693971e+01
   2.6740400e+03  -2.0000000e+02  -1.6133721e+02  -1.6706763e+01
   2.6844360e+03  -2.0000000e+02  -1.6238372e+02  -1.6777473e+01
   2.6947360e+03  -2.0000000e+02  -1.6343023e+02  -1.6933845e+01
   2.7051320e+03  -2.0000000e+02  -1.6447674e+02  -1.6777473e+01
   2.7155440e+03  -2.0000000e+02  -1.6547965e+02  -1.6053704e+01
   2.7259400e+03  -2.0000000e+02  -1.6652616e+02  -1.6777473e+01
   2.7363320e+03  -2.0000000e+02  -1.6757267e+02  -1.6783930e+01
   2.7467320e+03  -2.0000000e+02  -1.6861919e+02  -1.6771020e+01
   2.7571440e+03  -2.0000000e+02  -1.6966570e+02  -1.6751691e+01
   2.7675480e+03  -2.0000000e+02  -1.7071221e+02  -1.6764572e+01
   2.7779320e+03  -2.0000000e+02  -1.7175872e+02  -1.6796861e+01
   2.7883320e+03  -2.0000000e+02  -1.7280523e+02  -1.6771020e+01
   2.7987480e+03  -2.0000000e+02  -1.7385174e+02  -1.6745258e+01
   2.8091480e+03  -2.0000000e+02  -1.7489826e+02  -1.6771020e+01
   2.8195480e+03  -2.0000000e+02  -1.7594477e+02  -1.6771020e+01
   2.8299320e+03  -2.0000000e+02  -1.7694767e+02  -1.6096992e+01
   2.8403320e+03  -2.0000000e+02  -1.7799419e+02  -1.6771020e+01
   2.8507320e+03  -2.0000000e+02  -1.7904070e+02  -1.6771020e+01
   2.8611320e+03  -2.0000000e+02  -1.8013081e+02  -1.7469812e+01
   2.8715440e+03  -2.0000000e+02  -1.8117733e+02  -1.6751691e+01
   2.8819400e+03  -2.0000000e+02  -1.8222384e+02  -1.6777473e+01
   2.8923480e+03  -2.0000000e+02  -1.8327035e+02  -1.6758129e+01
   2.9027400e+03  -2.0000000e+02  -1.8431686e+02  -1.6783930e+01
   2.9131840e+03  -2.0000000e+02  -1.8540698e+02  -1.7396213e+01
   2.9235320e+03  -2.0000000e+02  -1.8640988e+02  -1.6152992e+01
   2.9339320e+03  -2.0000000e+02  -1.8741279e+02  -1.6072227e+01
   2.9443720e+03  -2.0000000e+02  -1.8845930e+02  -1.6706763e+01
   2.9547680e+03  -2.0000000e+02  -1.8946221e+02  -1.6078411e+01
   2.9651640e+03  -2.0000000e+02  -1.9050872e+02  -1.6777473e+01
   2.9755680e+03  -2.0000000e+02  -1.9155523e+02  -1.6764572e+01
   2.9859640e+03  -2.0000000e+02  -1.9260174e+02  -1.6777473e+01
   2.9963560e+03  -2.0000000e+02  -1.9364826e+02  -1.6783930e+01
   3.0067680e+03  -2.0000000e+02  -1.9469477e+02  -1.6751691e+01
   3.0171600e+03  -2.0000000e+02  -1.9578488e+02  -1.7483261e+01
   3.0275720e+03  -2.0000000e+02  -1.9678779e+02  -1.6053704e+01
   3.0380400e+03  -2.0000000e+02  -1.9779070e+02  -1.5967822e+01
   3.0484000e+03  -2.0000000e+02  -1.9883721e+02  -1.6835773e+01
   3.0587320e+03  -2.0000000e+02  -1.9984012e+02  -1.6178006e+01
   3.0691320e+03  -2.0000000e+02  -2.0088663e+02  -1.6771020e+01
   3.0795320e+03  -2.0000000e+02  -2.0193314e+02  -1.6771020e+01
   3.0899320e+03  -2.0000000e+02  -2.0297965e+02  -1.6771020e+01
   3.1003480e+03  -2.0000000e+02  -2.0402616e+02  -1.6745258e+01
   3.1107480e+03  -2.0000000e+02  -2.0507267e+02  -1.6771020e+01
   3.1211360e+03  -2.0000000e+02  -2.0611919e+02  -1.6790393e+01
   3.1315320e+03  -2.0000000e+02  -2.0716570e+02  -1.6777473e+01
   3.1419320e+03  -2.0000000e+02  -2.0821221e+02  -1.6771020e+01
   3.1523320e+03  -2.0000000e+02  -2.0925872e+02  -1.6771020e+01
   3.1627920e+03  -2.0000000e+02  -2.1034884e+02  -1.7369603e+01
   3.1731320e+03  -2.0000000e+02  -2.1139535e+02  -1.6868337e+01
   3.1835320e+03  -2.0000000e+02  -2.1244186e+02  -1.6771020e+01
   3.1939840e+03  -2.0000000e+02  -2.1348837e+02  -1.6687582e+01
   3.2043840e+03  -2.0000000e+02  -2.1453488e+02  -1.6771020e+01
   3.2147320e+03  -2.0000000e+02  -2.1553779e+02  -1.6152992e+01
   3.2252800e+03  -2.0000000e+02  -2.1662791e+02  -1.7224692e+01
   3.2356160e+03  -2.0000000e+02  -2.1767442e+02  -1.6874865e+01
   3.2459840e+03  -2.0000000e+02  -2.1872093e+02  -1.6822782e+01
   3.2564400e+03  -2.0000000e+02  -2.1976744e+02  -1.6681198e+01
   3.2667960e+03  -2.0000000e+02  -2.2081395e+02  -1.6842275e+01
   3.2771600e+03  -2.0000000e+02  -2.2186047e+02  -1.6829275e+01
   3.2875840e+03  -2.0000000e+02  -2.2290698e+02  -1.6732406e+01
   3.2979320e+03  -2.0000000e+02  -2.2386628e+02  -1.5450688e+01
   3.3083600e+03  -2.0000000e+02  -2.2491279e+02  -1.6725988e+01
   3.3187600e+03  -2.0000000e+02  -2.2591570e+02  -1.6072227e+01
   3.3292080e+03  -2.0000000e+02  -2.2696221e+02  -1.6693971e+01
   3.3396360e+03  -2.0000000e+02  -2.2800872e+02  -1.6725988e+01
   3.3499720e+03  -2.0000000e+02  -2.2905523e+02  -1.6874865e+01
   3.3603720e+03  -2.0000000e+02  -2.3010174e+02  -1.6771020e+01
   3.3707320e+03  -2.0000000e+02  -2.3114826e+02  -1.6835773e+01
   3.3811320e+03  -2.0000000e+02  -2.3219477e+02  -1.6771020e+01
   3.3915680e+03  -2.0000000e+02  -2.3324128e+02  -1.6713166e+01
   3.4019560e+03  -2.0000000e+02  -2.3428779e+02  -1.6790393e+01
   3.4123560e+03  -2.0000000e+02  -2.3533430e+02  -1.6771020e+01
   3.4227760e+03  -2.0000000e+02  -2.3638081e+02  -1.6738830e+01
   3.4331680e+03  -2.0000000e+02  -2.3742733e+02  -1.6783930e+01
   3.4435680e+03  -2.0000000e+02  -2.3847384e+02  -1.6771020e+01
   3.4539560e+03  -2.0000000e+02  -2.3952035e+02  -1.6790393e+01
   3.4643680e+03  -2.0000000e+02  -2.4056686e+02  -1.6751691e+01
   3.4747560e+03  -2.0000000e+02  -2.4161337e+02  -1.6790393e+01
   3.4851680e+03  -2.0000000e+02  -2.4265988e+02  -1.6751691e+01
   3.4955320e+03  -2.0000000e+02  -2.4370640e+02  -1.6829275e+01
   3.5059320e+03  -2.0000000e+02  -2.4475291e+02  -1.6771020e+01
   3.5163560e+03  -2.0000000e+02  -2.4579942e+02  -1.6732406e+01
   3.5268080e+03  -2.0000000e+02  -2.4684593e+02  -1.6687582e+01
   3.5371480e+03  -2.0000000e+02  -2.4789244e+02  -1.6868337e+01
   3.5475320e+03  -2.0000000e+02  -2.4889535e+02  -1.6096992e+01
   3.5579320e+03  -2.0000000e+02  -2.4989826e+02  -1.6072227e+01
   3.5683320e+03  -2.0000000e+02  -2.5094477e+02  -1.6771020e+01
   3.5787320e+03  -2.0000000e+02  -2.5199128e+02  -1.6771020e+01
   3.5891680e+03  -2.0000000e+02  -2.5295058e+02  -1.5320403e+01
   3.5995320e+03  -2.0000000e+02  -2.5390988e+02  -1.5426835e+01
   3.6099320e+03  -2.0000000e+02  -2.5491279e+02  -1.6072227e+01
   3.6203480e+03  -2.0000000e+02  -2.5595930e+02  -1.6745258e+01
   3.6307480e+03  -2.0000000e+02  -2.5696221e+02  -1.6072227e+01
   3.6412520e+03  -2.0000000e+02  -2.5796512e+02  -1.5913096e+01
   3.6515320e+03  -2.0000000e+02  -2.5896802e+02  -1.6259841e+01
   3.6619320e+03  -2.0000000e+02  -2.6001453e+02  -1.6771020e+01
   3.6723440e+03  -2.0000000e+02  -2.6106105e+02  -1.6751691e+01
   3.6827320e+03  -2.0000000e+02  -2.6206395e+02  -1.6090793e+01
   3.6931360e+03  -2.0000000e+02  -2.6311047e+02  -1.6764572e+01
   3.7035320e+03  -2.0000000e+02  -2.6415698e+02  -1.6777473e+01
   3.7139320e+03  -2.0000000e+02  -2.6520349e+02  -1.6771020e+01
   3.7243320e+03  -2.0000000e+02  -2.6625000e+02  -1.6771020e+01
   3.7347320e+03  -2.0000000e+02  -2.6729651e+02  -1.6771020e+01
   3.7451320e+03  -2.0000000e+02  -2.6834302e+02  -1.6771020e+01
   3.7555320e+03  -2.0000000e+02  -2.6938953e+02  -1.6771020e+01
   3.7659480e+03  -2.0000000e+02  -2.7047965e+02  -1.7442977e+01
   3.7763440e+03  -2.0000000e+02  -2.7152616e+02  -1.6777473e+01
   3.7867440e+03  -2.0000000e+02  -2.7257267e+02  -1.6771020e+01
   3.7971320e+03  -2.0000000e+02  -2.7361919e+02  -1.6790393e+01
   3.8075480e+03  -2.0000000e+02  -2.7466570e+02  -1.6745258e+01
   3.8179720e+03  -2.0000000e+02  -2.7566860e+02  -1.6035223e+01
   3.8283680e+03  -2.0000000e+02  -2.7667151e+02  -1.6078411e+01
   3.8388680e+03  -2.0000000e+02  -2.7771802e+02  -1.6611296e+01
   3.8492160e+03  -2.0000000e+02  -2.7872093e+02  -1.6152992e+01
   3.8596440e+03  -2.0000000e+02  -2.7976744e+02  -1.6725988e+01
   3.8700560e+03  -2.0000000e+02  -2.8085756e+02  -1.7449678e+01
   3.8803320e+03  -2.0000000e+02  -2.8186047e+02  -1.6266170e+01
   3.8907320e+03  -2.0000000e+02  -2.8290698e+02  -1.6771020e+01
   3.9011320e+03  -2.0000000e+02  -2.8390988e+02  -1.6072227e+01
   3.9115320e+03  -2.0000000e+02  -2.8495640e+02  -1.6771020e+01
   3.9219320e+03  -2.0000000e+02  -2.8595930e+02  -1.6072227e+01
   3.9324800e+03  -2.0000000e+02  -2.8691860e+02  -1.5157729e+01
   3.9427600e+03  -2.0000000e+02  -2.8783430e+02  -1.4845942e+01
   3.9532080e+03  -2.0000000e+02  -2.8883721e+02  -1.5998388e+01
   3.9635400e+03  -2.0000000e+02  -2.8984012e+02  -1.6178006e+01
   3.9739600e+03  -2.0000000e+02  -2.9088663e+02  -1.6738830e+01
   3.9843320e+03  -2.0000000e+02  -2.9188953e+02  -1.6115615e+01
   3.9947320e+03  -2.0000000e+02  -2.9293605e+02  -1.6771020e+01
   4.0051320e+03  -2.0000000e+02  -2.9398256e+02  -1.6771020e+01
   4.0155320e+03  -2.0000000e+02  -2.9502907e+02  -1.6771020e+01
   4.0259360e+03  -2.0000000e+02  -2.9607558e+02  -1.6764572e+01
   4.0363600e+03  -2.0000000e+02  -2.9712209e+02  -1.6732406e+01
   4.0467320e+03  -2.0000000e+02  -2.9816860e+02  -1.6816294e+01
   4.0571480e+03  -2.0000000e+02  -2.9921512e+02  -1.6745258e+01
   4.0675320e+03  -2.0000000e+02  -3.0026163e+02  -1.6796861e+01
   4.0779560e+03  -2.0000000e+02  -3.0126453e+02  -1.6035223e+01
   4.0883600e+03  -2.0000000e+02  -3.0235465e+02  -1.7463096e+01
   4.0987600e+03  -2.0000000e+02  -3.0340116e+02  -1.6771020e+01
   4.1091320e+03  -2.0000000e+02  -3.0444767e+02  -1.6816294e+01
   4.1195320e+03  -2.0000000e+02  -3.0549419e+02  -1.6771020e+01
   4.1299320e+03  -2.0000000e+02  -3.0654070e+02  -1.6771020e+01
   4.1403560e+03  -2.0000000e+02  -3.0754360e+02  -1.6035223e+01
   4.1507560e+03  -2.0000000e+02  -3.0859012e+02  -1.6771020e+01
   4.1611600e+03  -2.0000000e+02  -3.0963663e+02  -1.6764572e+01
   4.1715720e+03  -2.0000000e+02  -3.1068314e+02  -1.6751691e+01
   4.1820560e+03  -2.0000000e+02  -3.1172965e+02  -1.6636647e+01
   4.1923400e+03  -2.0000000e+02  -3.1277616e+02  -1.6960191e+01
   4.2027320e+03  -2.0000000e+02  -3.1377907e+02  -1.6084600e+01
   4.2132520e+03  -2.0000000e+02  -3.1482558e+02  -1.6579715e+01
   4.2235480e+03  -2.0000000e+02  -3.1582849e+02  -1.6234573e+01
   4.2339320e+03  -2.0000000e+02  -3.1687500e+02  -1.6796861e+01
   4.2443320e+03  -2.0000000e+02  -3.1792151e+02  -1.6771020e+01
   4.2547400e+03  -2.0000000e+02  -3.1896802e+02  -1.6758129e+01
   4.2651400e+03  -2.0000000e+02  -3.2001453e+02  -1.6771020e+01
   4.2755320e+03  -2.0000000e+02  -3.2106105e+02  -1.6783930e+01
   4.2859320e+03  -2.0000000e+02  -3.2210756e+02  -1.6771020e+01
   4.2963320e+03  -2.0000000e+02  -3.2311047e+02  -1.6072227e+01
   4.3067320e+03  -2.0000000e+02  -3.2415698e+02  -1.6771020e+01
   4.3171320e+03  -2.0000000e+02  -3.2520349e+02  -1.6771020e+01
   4.3275320e+03  -2.0000000e+02  -3.2625000e+02  -1.6771020e+01
   4.3379320e+03  -2.0000000e+02  -3.2729651e+02  -1.6771020e+01
   4.3483320e+03  -2.0000000e+02  -3.2834302e+02  -1.6771020e+01
   4.3587360e+03  -2.0000000e+02  -3.2938953e+02  -1.6764572e+01
   4.3691320e+03  -2.0000000e+02  -3.3043605e+02  -1.6777473e+01
   4.3795600e+03  -2.0000000e+02  -3.3152616e+02  -1.7422904e+01
   4.3899400e+03  -2.0000000e+02  -3.3257267e+02  -1.6803334e+01
   4.4003320e+03  -2.0000000e+02  -3.3361919e+02  -1.6783930e+01
   4.4107320e+03  -2.0000000e+02  -3.3466570e+02  -1.6771020e+01
   4.4211400e+03  -2.0000000e+02  -3.3571221e+02  -1.6758129e+01
   4.4315320e+03  -2.0000000e+02  -3.3675872e+02  -1.6783930e+01
   4.4419320e+03  -2.0000000e+02  -3.3780523e+02  -1.6771020e+01
   4.4523320e+03  -2.0000000e+02  -3.3889535e+02  -1.7469812e+01
   4.4628440e+03  -2.0000000e+02  -3.3994186e+02  -1.6592333e+01
   4.4732280e+03  -2.0000000e+02  -3.4098837e+02  -1.6796861e+01
   4.4836240e+03  -2.0000000e+02  -3.4203488e+02  -1.6777473e+01
   4.4940120e+03  -2.0000000e+02  -3.4312500e+02  -1.7489993e+01
   4.5043560e+03  -2.0000000e+02  -3.4417151e+02  -1.6861814e+01
   4.5147320e+03  -2.0000000e+02  -3.4521802e+02  -1.6809812e+01
   4.5251320e+03  -2.0000000e+02  -3.4626453e+02  -1.6771020e+01
   4.5356360e+03  -2.0000000e+02  -3.4726744e+02  -1.5913096e+01
   4.5459800e+03  -2.0000000e+02  -3.4831395e+02  -1.6861814e+01
   4.5563880e+03  -2.0000000e+02  -3.4936047e+02  -1.6758129e+01
   4.5667320e+03  -2.0000000e+02  -3.5036337e+02  -1.6159238e+01
   4.5771480e+03  -2.0000000e+02  -3.5140988e+02  -1.6745258e+01
   4.5875320e+03  -2.0000000e+02  -3.5241279e+02  -1.6096992e+01
   4.5979320e+03  -2.0000000e+02  -3.5345930e+02  -1.6771020e+01
   4.6083320e+03  -2.0000000e+02  -3.5450581e+02  -1.6771020e+01
   4.6187320e+03  -2.0000000e+02  -3.5555233e+02  -1.6771020e+01
   4.6291440e+03  -2.0000000e+02  -3.5664244e+02  -1.7449678e+01
   4.6395320e+03  -2.0000000e+02  -3.5768895e+02  -1.6790393e+01
   4.6499320e+03  -2.0000000e+02  -3.5873547e+02  -1.6771020e+01
   4.6603320e+03  -2.0000000e+02  -3.5978198e+02  -1.6771020e+01
   4.6708320e+03  -2.0000000e+02  -3.6087209e+02  -1.7303433e+01
   4.6812200e+03  -2.0000000e+02  -3.6191860e+02  -1.6790393e+01
   4.6916240e+03  -2.0000000e+02  -3.6296512e+02  -1.6764572e+01
   4.7021280e+03  -2.0000000e+02  -3.6405523e+02  -1.7296844e+01
   4.7123880e+03  -2.0000000e+02  -3.6510174e+02  -1.6999864e+01
   4.7227680e+03  -2.0000000e+02  -3.6614826e+02  -1.6803334e+01
   4.7331680e+03  -2.0000000e+02  -3.6719477e+02  -1.6771020e+01
   4.7435800e+03  -2.0000000e+02  -3.6828488e+02  -1.7449678e+01
   4.7539320e+03  -2.0000000e+02  -3.6933140e+02  -1.6848783e+01
   4.7643320e+03  -2.0000000e+02  -3.7037791e+02  -1.6771020e+01
   4.7747320e+03  -2.0000000e+02  -3.7142442e+02  -1.6771020e+01
   4.7851320e+03  -2.0000000e+02  -3.7247093e+02  -1.6771020e+01
   4.7955600e+03  -2.0000000e+02  -3.7356105e+02  -1.7422904e+01
   4.8059600e+03  -2.0000000e+02  -3.7460756e+02  -1.6771020e+01
   4.8163320e+03  -2.0000000e+02  -3.7565407e+02  -1.6816294e+01
   4.8267320e+03  -2.0000000e+02  -3.7670058e+02  -1.6771020e+01
   4.8371400e+03  -2.0000000e+02  -3.7774709e+02  -1.6758129e+01
   4.8476560e+03  -2.0000000e+02  -3.7883721e+02  -1.7277106e+01
   4.8580360e+03  -2.0000000e+02  -3.7988372e+02  -1.6803334e+01
   4.8684320e+03  -2.0000000e+02  -3.8097384e+02  -1.7476534e+01
   4.8787680e+03  -2.0000000e+02  -3.8202035e+02  -1.6874865e+01
   4.8891720e+03  -2.0000000e+02  -3.8306686e+02  -1.6764572e+01
   4.8995320e+03  -2.0000000e+02  -3.8415698e+02  -1.7537263e+01
   4.9099320e+03  -2.0000000e+02  -3.8520349e+02  -1.6771020e+01
   4.9203320e+03  -2.0000000e+02  -3.8625000e+02  -1.6771020e+01
   4.9307400e+03  -2.0000000e+02  -3.8734012e+02  -1.7456384e+01
   4.9411320e+03  -2.0000000e+02  -3.8838663e+02  -1.6783930e+01
   4.9515320e+03  -2.0000000e+02  -3.8943314e+02  -1.6771020e+01
   4.9619320e+03  -2.0000000e+02  -3.9043605e+02  -1.6072227e+01
   4.9723320e+03  -2.0000000e+02  -3.9148256e+02  -1.6771020e+01
   4.9827320e+03  -2.0000000e+02  -3.9252907e+02  -1.6771020e+01
   4.9931320e+03  -2.0000000e+02  -3.9357558e+02  -1.6771020e+01
