   8.0000000e-03  -6.3000000e+01   2.3546512e+00   0.0000000e+00
   3.8960000e+00  -6.3000000e+01   2.3546512e+00   0.0000000e+00
   6.8680000e+00  -6.3000000e+01   2.3546512e+00   0.0000000e+00
   9.8400000e+00  -6.3000000e+01   2.3546512e+00   0.0000000e+00
   1.2804000e+01  -6.3000000e+01   2.3546512e+00   0.0000000e+00
   2.2012000e+01  -5.9000000e+01   2.2238372e+00  -2.3677591e+00
   3.2376000e+01  -5.3000000e+01   1.9622093e+00  -4.2073187e+00
   4.2776000e+01  -4.3000000e+01   1.6133721e+00  -5.5903399e+00
   5.3212000e+01  -3.3000000e+01   1.2209302e+00  -6.2674374e+00
   6.3632000e+01  -2.2000000e+01   8.2848837e-01  -6.2770611e+00
   7.4028000e+01  -1.3000000e+01   4.3604651e-01  -6.2915522e+00
   8.4420000e+01  -4.0000000e+00   1.3081395e-01  -4.8953130e+00
   9.5024000e+01   4.0000000e+00  -1.7441860e-01  -4.7974437e+00
   1.0521200e+02   1.0000000e+01  -3.9244186e-01  -3.5666676e+00
   1.1585600e+02   1.3000000e+01  -5.2325581e-01  -2.0483207e+00
   1.2602800e+02   1.5000000e+01  -5.6686047e-01  -7.1445555e-01
   1.3638000e+02   1.6000000e+01  -6.1046512e-01  -7.0203264e-01
   1.4682800e+02   1.5000000e+01  -5.6686047e-01   6.9558211e-01
   1.5718000e+02   1.2000000e+01  -4.7965116e-01   1.4040653e+00
   1.6762800e+02   1.0000000e+01  -3.9244186e-01   1.3911642e+00
   1.7798400e+02   8.0000000e+00  -3.0523256e-01   1.4035230e+00
   1.8842000e+02   5.0000000e+00  -2.1802326e-01   1.3927639e+00
   1.9878000e+02   2.0000000e+00  -8.7209302e-02   2.1044716e+00
   2.0942400e+02   0.0000000e+00   0.0000000e+00   1.3655471e+00
   2.1958000e+02  -3.0000000e+00   8.7209302e-02   1.4311622e+00
   2.3011200e+02  -5.0000000e+00   1.7441860e-01   1.3800687e+00
   2.4060400e+02  -5.0000000e+00   1.7441860e-01   0.0000000e+00
   2.5078000e+02  -6.0000000e+00   2.1802326e-01   7.1417471e-01
   2.6118000e+02  -6.0000000e+00   2.1802326e-01   0.0000000e+00
   2.7158000e+02  -6.0000000e+00   2.1802326e-01   0.0000000e+00
   2.8198000e+02  -6.0000000e+00   2.1802326e-01   0.0000000e+00
   2.9238000e+02  -6.0000000e+00   2.1802326e-01   0.0000000e+00
   3.0294400e+02  -5.0000000e+00   1.7441860e-01  -6.8794414e-01
   3.1333200e+02  -5.0000000e+00   1.7441860e-01   0.0000000e+00
   3.2376800e+02  -5.0000000e+00   1.7441860e-01   0.0000000e+00
   3.3416400e+02  -5.0000000e+00   1.7441860e-01   0.0000000e+00
   3.4452800e+02  -5.0000000e+00   1.7441860e-01   0.0000000e+00
   3.5486000e+02  -5.0000000e+00   1.7441860e-01   0.0000000e+00
   3.6531200e+02  -5.0000000e+00   1.7441860e-01   0.0000000e+00
   3.7569600e+02  -5.0000000e+00   1.7441860e-01   0.0000000e+00
   3.8608800e+02  -5.0000000e+00   1.7441860e-01   0.0000000e+00
   3.9651600e+02  -5.0000000e+00   1.7441860e-01   0.0000000e+00
   4.0690400e+02  -5.0000000e+00   1.7441860e-01   0.0000000e+00
   4.1744400e+02  -5.0000000e+00   1.7441860e-01   0.0000000e+00
   4.2758000e+02  -6.0000000e+00   2.1802326e-01   7.1699308e-01
   4.3798000e+02  -7.0000000e+00   2.6162791e-01   6.9879249e-01
   4.4838000e+02  -7.0000000e+00   2.6162791e-01   0.0000000e+00
   4.5878000e+02  -7.0000000e+00   2.6162791e-01   0.0000000e+00
   4.6918000e+02  -7.0000000e+00   2.6162791e-01   0.0000000e+00
   4.7958000e+02  -6.0000000e+00   2.1802326e-01  -6.9879249e-01
   4.8998000e+02  -6.0000000e+00   2.1802326e-01   0.0000000e+00
   5.0038000e+02  -6.0000000e+00   2.1802326e-01   0.0000000e+00
   5.1078400e+02  -6.0000000e+00   2.1802326e-01   0.0000000e+00
   5.2118000e+02  -6.0000000e+00   2.1802326e-01   0.0000000e+00
   5.3158000e+02  -6.0000000e+00   2.1802326e-01   0.0000000e+00
   5.4198000e+02  -6.0000000e+00   2.1802326e-01   0.0000000e+00
   5.5238000e+02  -6.0000000e+00   2.1802326e-01   0.0000000e+00
   5.6278000e+02  -6.0000000e+00   2.1802326e-01   0.0000000e+00
   5.7318000e+02  -6.0000000e+00   2.1802326e-01   0.0000000e+00
   5.8358000e+02  -6.0000000e+00   2.1802326e-01   0.0000000e+00
   5.9398000e+02  -6.0000000e+00   2.1802326e-01   0.0000000e+00
   6.0438000e+02  -6.0000000e+00   2.1802326e-01   0.0000000e+00
   6.1478000e+02  -6.0000000e+00   2.1802326e-01   0.0000000e+00
   6.2518000e+02  -6.0000000e+00   2.1802326e-01   0.0000000e+00
   6.3558000e+02  -6.0000000e+00   2.1802326e-01   0.0000000e+00
   6.4598400e+02  -6.0000000e+00   2.1802326e-01   0.0000000e+00
   6.5638000e+02  -6.0000000e+00   2.1802326e-01   0.0000000e+00
   6.6678000e+02  -6.0000000e+00   2.1802326e-01   0.0000000e+00
   6.7718000e+02  -6.0000000e+00   2.1802326e-01   0.0000000e+00
   6.8758000e+02  -6.0000000e+00   2.1802326e-01   0.0000000e+00
   6.9798000e+02  -6.0000000e+00   2.1802326e-01   0.0000000e+00
   7.0838000e+02  -6.0000000e+00   2.1802326e-01   0.0000000e+00
   7.1878000e+02  -6.0000000e+00   2.1802326e-01   0.0000000e+00
   7.2943600e+02  -5.0000000e+00   1.7441860e-01  -6.8200468e-01
   7.4002400e+02  -6.0000000e+00   2.1802326e-01   6.8638476e-01
   7.4998000e+02  -6.0000000e+00   2.1802326e-01   0.0000000e+00
   7.6038000e+02  -6.0000000e+00   2.1802326e-01   0.0000000e+00
   7.7078000e+02  -6.0000000e+00   2.1802326e-01   0.0000000e+00
   7.8118000e+02  -6.0000000e+00   2.1802326e-01   0.0000000e+00
   7.9158000e+02  -6.0000000e+00   2.1802326e-01   0.0000000e+00
   8.0198000e+02  -6.0000000e+00   2.1802326e-01   0.0000000e+00
   8.1238000e+02  -6.0000000e+00   2.1802326e-01   0.0000000e+00
   8.2278000e+02  -6.0000000e+00   2.1802326e-01   0.0000000e+00
   8.3318000e+02  -6.0000000e+00   2.1802326e-01   0.0000000e+00
   8.4358400e+02  -6.0000000e+00   2.1802326e-01   0.0000000e+00
   8.5398000e+02  -6.0000000e+00   2.1802326e-01   0.0000000e+00
   8.6438000e+02  -6.0000000e+00   2.1802326e-01   0.0000000e+00
   8.7478000e+02  -6.0000000e+00   2.1802326e-01   0.0000000e+00
   8.8518000e+02  -6.0000000e+00   2.1802326e-01   0.0000000e+00
   8.9558000e+02  -6.0000000e+00   2.1802326e-01   0.0000000e+00
   9.0598000e+02  -6.0000000e+00   2.1802326e-01   0.0000000e+00
   9.1638000e+02  -6.0000000e+00   2.1802326e-01   0.0000000e+00
   9.2678000e+02  -6.0000000e+00   2.1802326e-01   0.0000000e+00
   9.3718000e+02  -6.0000000e+00   2.1802326e-01   0.0000000e+00
   9.4758000e+02  -6.0000000e+00   2.1802326e-01   0.0000000e+00
   9.5798000e+02  -6.0000000e+00   2.1802326e-01   0.0000000e+00
   9.6838000e+02  -6.0000000e+00   2.1802326e-01   0.0000000e+00
   9.7878400e+02  -6.0000000e+00   2.1802326e-01   0.0000000e+00
   9.8918000e+02  -6.0000000e+00   2.1802326e-01   0.0000000e+00
   9.9958000e+02  -6.0000000e+00   2.1802326e-01   0.0000000e+00
   1.0099800e+03   2.5800000e+02   2.1802326e-01   0.0000000e+00
   1.0203560e+03   2.5800000e+02   2.1802326e-01   0.0000000e+00
   1.0307560e+03   2.5800000e+02   2.1802326e-01   0.0000000e+00
   1.0411880e+03   2.5200000e+02   4.7965116e-01   4.1798937e+00
   1.0515560e+03   2.3400000e+02   1.1337209e+00   1.0514239e+01
   1.0619560e+03   2.1200000e+02   1.9622093e+00   1.3277057e+01
   1.0725400e+03   1.8600000e+02   2.9651163e+00   1.5792816e+01
   1.0827560e+03   1.6000000e+02   3.9244186e+00   1.5650325e+01
   1.0931560e+03   1.3400000e+02   4.9273256e+00   1.6072227e+01
   1.1035560e+03   1.0900000e+02   5.8430233e+00   1.4674642e+01
   1.1139560e+03   8.7000000e+01   6.6715116e+00   1.3277057e+01
   1.1243560e+03   6.8000000e+01   7.4127907e+00   1.1879472e+01
   1.1347760e+03   4.9000000e+01   8.1104651e+00   1.1159220e+01
   1.1451560e+03   3.5000000e+01   8.6337209e+00   8.4016669e+00
   1.1555560e+03   2.3000000e+01   9.1133721e+00   7.6867174e+00
   1.1659720e+03   1.3000000e+01   9.4622093e+00   5.5817526e+00
   1.1764000e+03   6.0000000e+00   9.7238372e+00   4.1814970e+00
   1.1867560e+03   0.0000000e+00   9.9854651e+00   4.2105689e+00
   1.1971560e+03  -5.0000000e+00   1.0159884e+01   2.7951699e+00
   1.2075960e+03  -7.0000000e+00   1.0247093e+01   1.3922302e+00
   1.2179560e+03  -1.0000000e+01   1.0334302e+01   1.4029811e+00
   1.2283560e+03  -1.1000000e+01   1.0377907e+01   6.9879249e-01
   1.2387840e+03  -1.2000000e+01   1.0421512e+01   6.9691617e-01
   1.2491560e+03  -1.1000000e+01   1.0377907e+01  -7.0067893e-01
   1.2595560e+03  -1.0000000e+01   1.0334302e+01  -6.9879249e-01
   1.2699560e+03  -1.0000000e+01   1.0334302e+01   0.0000000e+00
   1.2804280e+03  -9.0000000e+00   1.0290698e+01  -6.9398795e-01
   1.2907840e+03  -7.0000000e+00   1.0247093e+01  -7.0176148e-01
   1.3011560e+03  -6.0000000e+00   1.0203488e+01  -7.0067893e-01
   1.3115640e+03  -5.0000000e+00   1.0159884e+01  -6.9825537e-01
   1.3220880e+03  -4.0000000e+00   1.0116279e+01  -6.9055890e-01
   1.3323840e+03  -3.0000000e+00   1.0072674e+01  -7.0585100e-01
   1.3427560e+03  -2.0000000e+00   1.0029070e+01  -7.0067893e-01
   1.3531560e+03   0.0000000e+00   9.9854651e+00  -6.9879249e-01
   1.3635560e+03   0.0000000e+00   9.9854651e+00   0.0000000e+00
   1.3739560e+03   0.0000000e+00   9.9854651e+00   0.0000000e+00
   1.3843560e+03   0.0000000e+00   9.9854651e+00   0.0000000e+00
   1.3947560e+03  -2.0000000e+00   1.0029070e+01   6.9879249e-01
   1.4051560e+03  -2.0000000e+00   1.0029070e+01   0.0000000e+00
   1.4155560e+03  -2.0000000e+00   1.0029070e+01   0.0000000e+00
   1.4259560e+03  -2.0000000e+00   1.0029070e+01   0.0000000e+00
   1.4363560e+03  -2.0000000e+00   1.0029070e+01   0.0000000e+00
   1.4467560e+03  -2.0000000e+00   1.0029070e+01   0.0000000e+00
   1.4571560e+03  -2.0000000e+00   1.0029070e+01   0.0000000e+00
   1.4675560e+03  -2.0000000e+00   1.0029070e+01   0.0000000e+00
   1.4779560e+03  -2.0000000e+00   1.0029070e+01   0.0000000e+00
   1.4883560e+03  -2.0000000e+00   1.0029070e+01   0.0000000e+00
   1.4987560e+03  -2.0000000e+00   1.0029070e+01   0.0000000e+00
   1.5091560e+03  -2.0000000e+00   1.0029070e+01   0.0000000e+00
   1.5195560e+03  -2.0000000e+00   1.0029070e+01   0.0000000e+00
   1.5299560e+03  -2.0000000e+00   1.0029070e+01   0.0000000e+00
   1.5403560e+03  -2.0000000e+00   1.0029070e+01   0.0000000e+00
   1.5507560e+03  -2.0000000e+00   1.0029070e+01   0.0000000e+00
   1.5611560e+03  -2.0000000e+00   1.0029070e+01   0.0000000e+00
   1.5715560e+03  -2.0000000e+00   1.0029070e+01   0.0000000e+00
   1.5819560e+03  -2.0000000e+00   1.0029070e+01   0.0000000e+00
   1.5923560e+03  -2.0000000e+00   1.0029070e+01   0.0000000e+00
   1.6027560e+03  -2.0000000e+00   1.0029070e+01   0.0000000e+00
   1.6131560e+03  -2.0000000e+00   1.0029070e+01   0.0000000e+00
   1.6235560e+03  -2.0000000e+00   1.0029070e+01   0.0000000e+00
   1.6339560e+03  -2.0000000e+00   1.0029070e+01   0.0000000e+00
   1.6443640e+03  -2.0000000e+00   1.0029070e+01   0.0000000e+00
   1.6547560e+03  -2.0000000e+00   1.0029070e+01   0.0000000e+00
   1.6651560e+03  -2.0000000e+00   1.0029070e+01   0.0000000e+00
   1.6755560e+03  -2.0000000e+00   1.0029070e+01   0.0000000e+00
   1.6859560e+03  -2.0000000e+00   1.0029070e+01   0.0000000e+00
   1.6963560e+03  -2.0000000e+00   1.0029070e+01   0.0000000e+00
   1.7067560e+03  -2.0000000e+00   1.0029070e+01   0.0000000e+00
   1.7171560e+03  -2.0000000e+00   1.0029070e+01   0.0000000e+00
   1.7275600e+03  -2.0000000e+00   1.0029070e+01   0.0000000e+00
   1.7379560e+03  -2.0000000e+00   1.0029070e+01   0.0000000e+00
   1.7483560e+03  -2.0000000e+00   1.0029070e+01   0.0000000e+00
   1.7587560e+03  -2.0000000e+00   1.0029070e+01   0.0000000e+00
   1.7691560e+03  -2.0000000e+00   1.0029070e+01   0.0000000e+00
   1.7795560e+03  -2.0000000e+00   1.0029070e+01   0.0000000e+00
   1.7899560e+03  -2.0000000e+00   1.0029070e+01   0.0000000e+00
   1.8003560e+03  -2.0000000e+00   1.0029070e+01   0.0000000e+00
   1.8107560e+03  -2.0000000e+00   1.0029070e+01   0.0000000e+00
   1.8211560e+03  -2.0000000e+00   1.0029070e+01   0.0000000e+00
   1.8315560e+03  -2.0000000e+00   1.0029070e+01   0.0000000e+00
   1.8419560e+03  -2.0000000e+00   1.0029070e+01   0.0000000e+00
   1.8523560e+03  -2.0000000e+00   1.0029070e+01   0.0000000e+00
   1.8627560e+03  -2.0000000e+00   1.0029070e+01   0.0000000e+00
   1.8731560e+03  -2.0000000e+00   1.0029070e+01   0.0000000e+00
   1.8835560e+03  -2.0000000e+00   1.0029070e+01   0.0000000e+00
   1.8939560e+03  -2.0000000e+00   1.0029070e+01   0.0000000e+00
   1.9043560e+03  -2.0000000e+00   1.0029070e+01   0.0000000e+00
   1.9147560e+03  -2.0000000e+00   1.0029070e+01   0.0000000e+00
   1.9251560e+03  -2.0000000e+00   1.0029070e+01   0.0000000e+00
   1.9355560e+03  -2.0000000e+00   1.0029070e+01   0.0000000e+00
   1.9459560e+03  -2.0000000e+00   1.0029070e+01   0.0000000e+00
   1.9563560e+03  -2.0000000e+00   1.0029070e+01   0.0000000e+00
   1.9667560e+03  -2.0000000e+00   1.0029070e+01   0.0000000e+00
   1.9771640e+03  -2.0000000e+00   1.0029070e+01   0.0000000e+00
   1.9875720e+03  -2.0000000e+00   1.0029070e+01   0.0000000e+00
   1.9979560e+03  -2.0000000e+00   1.0029070e+01   0.0000000e+00
   2.0083560e+03  -2.0000000e+00   1.0029070e+01   0.0000000e+00
   2.0187560e+03  -2.0000000e+00   1.0029070e+01   0.0000000e+00
   2.0291560e+03  -2.0000000e+00   1.0029070e+01   0.0000000e+00
   2.0395560e+03  -2.0000000e+00   1.0029070e+01   0.0000000e+00
   2.0499560e+03  -2.0000000e+00   1.0029070e+01   0.0000000e+00
   2.0603560e+03  -2.0000000e+00   1.0029070e+01   0.0000000e+00
   2.0707560e+03  -2.0000000e+00   1.0029070e+01   0.0000000e+00
   2.0811560e+03  -2.0000000e+00   1.0029070e+01   0.0000000e+00
   2.0915560e+03  -2.0000000e+00   1.0029070e+01   0.0000000e+00
   2.1019560e+03  -2.0000000e+00   1.0029070e+01   0.0000000e+00
   2.1123560e+03  -2.0000000e+00   1.0029070e+01   0.0000000e+00
   2.1227560e+03  -2.0000000e+00   1.0029070e+01   0.0000000e+00
   2.1331560e+03  -2.0000000e+00   1.0029070e+01   0.0000000e+00
   2.1435560e+03  -2.0000000e+00   1.0029070e+01   0.0000000e+00
   2.1539560e+03  -2.0000000e+00   1.0029070e+01   0.0000000e+00
   2.1643560e+03  -2.0000000e+00   1.0029070e+01   0.0000000e+00
   2.1747560e+03  -2.0000000e+00   1.0029070e+01   0.0000000e+00
   2.1851560e+03  -2.0000000e+00   1.0029070e+01   0.0000000e+00
   2.1955560e+03  -2.0000000e+00   1.0029070e+01   0.0000000e+00
   2.2059560e+03  -2.0000000e+00   1.0029070e+01   0.0000000e+00
   2.2163560e+03  -2.0000000e+00   1.0029070e+01   0.0000000e+00
   2.2267560e+03  -2.0000000e+00   1.0029070e+01   0.0000000e+00
   2.2371560e+03  -2.0000000e+00   1.0029070e+01   0.0000000e+00
   2.2475560e+03  -2.0000000e+00   1.0029070e+01   0.0000000e+00
   2.2579560e+03  -2.0000000e+00   1.0029070e+01   0.0000000e+00
   2.2683560e+03  -2.0000000e+00   1.0029070e+01   0.0000000e+00
   2.2787560e+03  -2.0000000e+00   1.0029070e+01   0.0000000e+00
   2.2891560e+03  -2.0000000e+00   1.0029070e+01   0.0000000e+00
   2.2995560e+03  -2.0000000e+00   1.0029070e+01   0.0000000e+00
   2.3099640e+03  -2.0000000e+00   1.0029070e+01   0.0000000e+00
   2.3203560e+03  -2.0000000e+00   1.0029070e+01   0.0000000e+00
   2.3307560e+03  -2.0000000e+00   1.0029070e+01   0.0000000e+00
   2.3411560e+03  -2.0000000e+00   1.0029070e+01   0.0000000e+00
   2.3515560e+03  -2.0000000e+00   1.0029070e+01   0.0000000e+00
   2.3619560e+03  -2.0000000e+00   1.0029070e+01   0.0000000e+00
   2.3723560e+03  -2.0000000e+00   1.0029070e+01   0.0000000e+00
   2.3827560e+03  -2.0000000e+00   1.0029070e+01   0.0000000e+00
   2.3931560e+03  -2.0000000e+00   1.0029070e+01   0.0000000e+00
   2.4035560e+03  -2.0000000e+00   1.0029070e+01   0.0000000e+00
   2.4139560e+03  -2.0000000e+00   1.0029070e+01   0.0000000e+00
   2.4243560e+03  -2.0000000e+00   1.0029070e+01   0.0000000e+00
   2.4347560e+03  -2.0000000e+00   1.0029070e+01   0.0000000e+00
   2.4451560e+03  -2.0000000e+00   1.0029070e+01   0.0000000e+00
   2.4555560e+03  -2.0000000e+00   1.0029070e+01   0.0000000e+00
   2.4659560e+03  -2.0000000e+00   1.0029070e+01   0.0000000e+00
   2.4763560e+03  -2.0000000e+00   1.0029070e+01   0.0000000e+00
   2.4867560e+03  -2.0000000e+00   1.0029070e+01   0.0000000e+00
   2.4971560e+03  -2.0000000e+00   1.0029070e+01   0.0000000e+00
   2.5075560e+03  -2.0000000e+00   1.0029070e+01   0.0000000e+00
   2.5179560e+03  -2.0000000e+00   1.0029070e+01   0.0000000e+00
   2.5283560e+03  -2.0000000e+00   1.0029070e+01   0.0000000e+00
   2.5387560e+03  -2.0000000e+00   1.0029070e+01   0.0000000e+00
   2.5491560e+03  -2.0000000e+00   1.0029070e+01   0.0000000e+00
   2.5595560e+03  -2.0000000e+00   1.0029070e+01   0.0000000e+00
   2.5699560e+03  -2.0000000e+00   1.0029070e+01   0.0000000e+00
   2.5803560e+03  -2.0000000e+00   1.0029070e+01   0.0000000e+00
   2.5907560e+03  -2.0000000e+00   1.0029070e+01   0.0000000e+00
   2.6011560e+03  -2.0000000e+00   1.0029070e+01   0.0000000e+00
   2.6115560e+03  -2.0000000e+00   1.0029070e+01   0.0000000e+00
   2.6219560e+03  -2.0000000e+00   1.0029070e+01   0.0000000e+00
   2.6323560e+03  -2.0000000e+00   1.0029070e+01   0.0000000e+00
   2.6427640e+03  -2.0000000e+00   1.0029070e+01   0.0000000e+00
   2.6531560e+03  -2.0000000e+00   1.0029070e+01   0.0000000e+00
   2.6635560e+03  -2.0000000e+00   1.0029070e+01   0.0000000e+00
   2.6739560e+03  -2.0000000e+00   1.0029070e+01   0.0000000e+00
   2.6843560e+03  -2.0000000e+00   1.0029070e+01   0.0000000e+00
   2.6947560e+03  -2.0000000e+00   1.0029070e+01   0.0000000e+00
   2.7051560e+03  -2.0000000e+00   1.0029070e+01   0.0000000e+00
   2.7155560e+03  -2.0000000e+00   1.0029070e+01   0.0000000e+00
   2.7259560e+03  -2.0000000e+00   1.0029070e+01   0.0000000e+00
   2.7363560e+03  -2.0000000e+00   1.0029070e+01   0.0000000e+00
   2.7467560e+03  -2.0000000e+00   1.0029070e+01   0.0000000e+00
   2.7571560e+03  -2.0000000e+00   1.0029070e+01   0.0000000e+00
   2.7675560e+03  -2.0000000e+00   1.0029070e+01   0.0000000e+00
   2.7779560e+03  -2.0000000e+00   1.0029070e+01   0.0000000e+00
   2.7883560e+03  -2.0000000e+00   1.0029070e+01   0.0000000e+00
   2.7987560e+03  -2.0000000e+00   1.0029070e+01   0.0000000e+00
   2.8091560e+03  -2.0000000e+00   1.0029070e+01   0.0000000e+00
   2.8195560e+03  -2.0000000e+00   1.0029070e+01   0.0000000e+00
   2.8299560e+03  -2.0000000e+00   1.0029070e+01   0.0000000e+00
   2.8403560e+03  -2.0000000e+00   1.0029070e+01   0.0000000e+00
   2.8507560e+03  -2.0000000e+00   1.0029070e+01   0.0000000e+00
   2.8611560e+03  -2.0000000e+00   1.0029070e+01   0.0000000e+00
   2.8715560e+03  -2.0000000e+00   1.0029070e+01   0.0000000e+00
   2.8819560e+03  -2.0000000e+00   1.0029070e+01   0.0000000e+00
   2.8923560e+03  -2.0000000e+00   1.0029070e+01   0.0000000e+00
   2.9027560e+03  -2.0000000e+00   1.0029070e+01   0.0000000e+00
   2.9131560e+03  -2.0000000e+00   1.0029070e+01   0.0000000e+00
   2.9235560e+03  -2.0000000e+00   1.0029070e+01   0.0000000e+00
   2.9339560e+03  -2.0000000e+00   1.0029070e+01   0.0000000e+00
   2.9443560e+03  -2.0000000e+00   1.0029070e+01   0.0000000e+00
   2.9547560e+03  -2.0000000e+00   1.0029070e+01   0.0000000e+00
   2.9651560e+03  -2.0000000e+00   1.0029070e+01   0.0000000e+00
   2.9755640e+03  -2.0000000e+00   1.0029070e+01   0.0000000e+00
   2.9859560e+03  -2.0000000e+00   1.0029070e+01   0.0000000e+00
   2.9963560e+03  -2.0000000e+00   1.0029070e+01   0.0000000e+00
   3.0067560e+03  -2.0000000e+00   1.0029070e+01   0.0000000e+00
   3.0171560e+03  -2.0000000e+00   1.0029070e+01   0.0000000e+00
   3.0275560e+03  -2.0000000e+00   1.0029070e+01   0.0000000e+00
   3.0379560e+03  -2.0000000e+00   1.0029070e+01   0.0000000e+00
   3.0483560e+03  -2.0000000e+00   1.0029070e+01   0.0000000e+00
   3.0587560e+03  -2.0000000e+00   1.0029070e+01   0.0000000e+00
   3.0691560e+03  -2.0000000e+00   1.0029070e+01   0.0000000e+00
   3.0795560e+03  -2.0000000e+00   1.0029070e+01   0.0000000e+00
   3.0899560e+03  -2.0000000e+00   1.0029070e+01   0.0000000e+00
   3.1003560e+03  -2.0000000e+00   1.0029070e+01   0.0000000e+00
   3.1107560e+03  -2.0000000e+00   1.0029070e+01   0.0000000e+00
   3.1211560e+03  -2.0000000e+00   1.0029070e+01   0.0000000e+00
   3.1315560e+03  -2.0000000e+00   1.0029070e+01   0.0000000e+00
   3.1419560e+03  -2.0000000e+00   1.0029070e+01   0.0000000e+00
   3.1523560e+03  -2.0000000e+00   1.0029070e+01   0.0000000e+00
   3.1627560e+03  -2.0000000e+00   1.0029070e+01   0.0000000e+00
   3.1731560e+03  -2.0000000e+00   1.0029070e+01   0.0000000e+00
   3.1835560e+03  -2.0000000e+00   1.0029070e+01   0.0000000e+00
   3.1939560e+03  -2.0000000e+00   1.0029070e+01   0.0000000e+00
   3.2043560e+03  -2.0000000e+00   1.0029070e+01   0.0000000e+00
   3.2147560e+03  -2.0000000e+00   1.0029070e+01   0.0000000e+00
   3.2251560e+03  -2.0000000e+00   1.0029070e+01   0.0000000e+00
   3.2355560e+03  -2.0000000e+00   1.0029070e+01   0.0000000e+00
   3.2459560e+03  -2.0000000e+00   1.0029070e+01   0.0000000e+00
   3.2563560e+03  -2.0000000e+00   1.0029070e+01   0.0000000e+00
   3.2667560e+03  -2.0000000e+00   1.0029070e+01   0.0000000e+00
   3.2771560e+03  -2.0000000e+00   1.0029070e+01   0.0000000e+00
   3.2875560e+03  -2.0000000e+00   1.0029070e+01   0.0000000e+00
   3.2979560e+03  -2.0000000e+00   1.0029070e+01   0.0000000e+00
   3.3083640e+03  -2.0000000e+00   1.0029070e+01   0.0000000e+00
   3.3187560e+03  -2.0000000e+00   1.0029070e+01   0.0000000e+00
   3.3291560e+03  -2.0000000e+00   1.0029070e+01   0.0000000e+00
   3.3395560e+03  -2.0000000e+00   1.0029070e+01   0.0000000e+00
   3.3499560e+03  -2.0000000e+00   1.0029070e+01   0.0000000e+00
   3.3603560e+03  -2.0000000e+00   1.0029070e+01   0.0000000e+00
   3.3707560e+03  -2.0000000e+00   1.0029070e+01   0.0000000e+00
   3.3811560e+03  -2.0000000e+00   1.0029070e+01   0.0000000e+00
   3.3915560e+03  -2.0000000e+00   1.0029070e+01   0.0000000e+00
   3.4019560e+03  -2.0000000e+00   1.0029070e+01   0.0000000e+00
   3.4123560e+03  -2.0000000e+00   1.0029070e+01   0.0000000e+00
   3.4227560e+03  -2.0000000e+00   1.0029070e+01   0.0000000e+00
   3.4331560e+03  -2.0000000e+00   1.0029070e+01   0.0000000e+00
   3.4435560e+03  -2.0000000e+00   1.0029070e+01   0.0000000e+00
   3.4539560e+03  -2.0000000e+00   1.0029070e+01   0.0000000e+00
   3.4643560e+03  -2.0000000e+00   1.0029070e+01   0.0000000e+00
   3.4747560e+03  -2.0000000e+00   1.0029070e+01   0.0000000e+00
   3.4851560e+03  -2.0000000e+00   1.0029070e+01   0.0000000e+00
   3.4955560e+03  -2.0000000e+00   1.0029070e+01   0.0000000e+00
   3.5059560e+03  -2.0000000e+00   1.0029070e+01   0.0000000e+00
   3.5163560e+03  -2.0000000e+00   1.0029070e+01   0.0000000e+00
   3.5267560e+03  -2.0000000e+00   1.0029070e+01   0.0000000e+00
   3.5371560e+03  -2.0000000e+00   1.0029070e+01   0.0000000e+00
   3.5475560e+03  -2.0000000e+00   1.0029070e+01   0.0000000e+00
   3.5579560e+03  -2.0000000e+00   1.0029070e+01   0.0000000e+00
   3.5683560e+03  -2.0000000e+00   1.0029070e+01   0.0000000e+00
   3.5787560e+03  -2.0000000e+00   1.0029070e+01   0.0000000e+00
   3.5891560e+03  -2.0000000e+00   1.0029070e+01   0.0000000e+00
   3.5995560e+03  -2.0000000e+00   1.0029070e+01   0.0000000e+00
   3.6099560e+03  -2.0000000e+00   1.0029070e+01   0.0000000e+00
   3.6203560e+03  -2.0000000e+00   1.0029070e+01   0.0000000e+00
   3.6307560e+03  -2.0000000e+00   1.0029070e+01   0.0000000e+00
   3.6411640e+03  -2.0000000e+00   1.0029070e+01   0.0000000e+00
   3.6515560e+03  -2.0000000e+00   1.0029070e+01   0.0000000e+00
   3.6619560e+03  -2.0000000e+00   1.0029070e+01   0.0000000e+00
   3.6723560e+03  -2.0000000e+00   1.0029070e+01   0.0000000e+00
   3.6827560e+03  -2.0000000e+00   1.0029070e+01   0.0000000e+00
   3.6931560e+03  -2.0000000e+00   1.0029070e+01   0.0000000e+00
   3.7035560e+03  -2.0000000e+00   1.0029070e+01   0.0000000e+00
   3.7139560e+03  -2.0000000e+00   1.0029070e+01   0.0000000e+00
   3.7243560e+03  -2.0000000e+00   1.0029070e+01   0.0000000e+00
   3.7347560e+03  -2.0000000e+00   1.0029070e+01   0.0000000e+00
   3.7451560e+03  -2.0000000e+00   1.0029070e+01   0.0000000e+00
   3.7555560e+03  -2.0000000e+00   1.0029070e+01   0.0000000e+00
   3.7659560e+03  -2.0000000e+00   1.0029070e+01   0.0000000e+00
   3.7763560e+03  -2.0000000e+00   1.0029070e+01   0.0000000e+00
   3.7867560e+03  -2.0000000e+00   1.0029070e+01   0.0000000e+00
   3.7971560e+03  -2.0000000e+00   1.0029070e+01   0.0000000e+00
   3.8075560e+03  -2.0000000e+00   1.0029070e+01   0.0000000e+00
   3.8179560e+03  -2.0000000e+00   1.0029070e+01   0.0000000e+00
   3.8283560e+03  -2.0000000e+00   1.0029070e+01   0.0000000e+00
   3.8387560e+03  -2.0000000e+00   1.0029070e+01   0.0000000e+00
   3.8491560e+03  -2.0000000e+00   1.0029070e+01   0.0000000e+00
   3.8595560e+03  -2.0000000e+00   1.0029070e+01   0.0000000e+00
   3.8699560e+03  -2.0000000e+00   1.0029070e+01   0.0000000e+00
   3.8803560e+03  -2.0000000e+00   1.0029070e+01   0.0000000e+00
   3.8907560e+03  -2.0000000e+00   1.0029070e+01   0.0000000e+00
   3.9011560e+03  -2.0000000e+00   1.0029070e+01   0.0000000e+00
   3.9115560e+03  -2.0000000e+00   1.0029070e+01   0.0000000e+00
   3.9219560e+03  -2.0000000e+00   1.0029070e+01   0.0000000e+00
   3.9323560e+03  -2.0000000e+00   1.0029070e+01   0.0000000e+00
   3.9427560e+03  -2.0000000e+00   1.0029070e+01   0.0000000e+00
   3.9531560e+03  -2.0000000e+00   1.0029070e+01   0.0000000e+00
   3.9635560e+03  -2.0000000e+00   1.0029070e+01   0.0000000e+00
   3.9739640e+03  -2.0000000e+00   1.0029070e+01   0.0000000e+00
   3.9843560e+03  -2.0000000e+00   1.0029070e+01   0.0000000e+00
   3.9947560e+03  -2.0000000e+00   1.0029070e+01   0.0000000e+00
   4.0051560e+03  -2.0000000e+00   1.0029070e+01   0.0000000e+00
   4.0155560e+03  -2.0000000e+00   1.0029070e+01   0.0000000e+00
   4.0259560e+03  -2.0000000e+00   1.0029070e+01   0.0000000e+00
   4.0363560e+03  -2.0000000e+00   1.0029070e+01   0.0000000e+00
   4.0467560e+03  -2.0000000e+00   1.0029070e+01   0.0000000e+00
   4.0571560e+03  -2.0000000e+00   1.0029070e+01   0.0000000e+00
   4.0675560e+03  -2.0000000e+00   1.0029070e+01   0.0000000e+00
   4.0779560e+03  -2.0000000e+00   1.0029070e+01   0.0000000e+00
   4.0883560e+03  -2.0000000e+00   1.0029070e+01   0.0000000e+00
   4.0987560e+03  -2.0000000e+00   1.0029070e+01   0.0000000e+00
   4.1091560e+03  -2.0000000e+00   1.0029070e+01   0.0000000e+00
   4.1195560e+03  -2.0000000e+00   1.0029070e+01   0.0000000e+00
   4.1299560e+03  -2.0000000e+00   1.0029070e+01   0.0000000e+00
   4.1403560e+03  -2.0000000e+00   1.0029070e+01   0.0000000e+00
   4.1507560e+03  -2.0000000e+00   1.0029070e+01   0.0000000e+00
   4.1611560e+03  -2.0000000e+00   1.0029070e+01   0.0000000e+00
   4.1715560e+03  -2.0000000e+00   1.0029070e+01   0.0000000e+00
   4.1819560e+03  -2.0000000e+00   1.0029070e+01   0.0000000e+00
   4.1923560e+03  -2.0000000e+00   1.0029070e+01   0.0000000e+00
   4.2027560e+03  -2.0000000e+00   1.0029070e+01   0.0000000e+00
   4.2131560e+03  -2.0000000e+00   1.0029070e+01   0.0000000e+00
   4.2235560e+03  -2.0000000e+00   1.0029070e+01   0.0000000e+00
   4.2339560e+03  -2.0000000e+00   1.0029070e+01   0.0000000e+00
   4.2443560e+03  -2.0000000e+00   1.0029070e+01   0.0000000e+00
   4.2547560e+03  -2.0000000e+00   1.0029070e+01   0.0000000e+00
   4.2651560e+03  -2.0000000e+00   1.0029070e+01   0.0000000e+00
   4.2755560e+03  -2.0000000e+00   1.0029070e+01   0.0000000e+00
   4.2859560e+03  -2.0000000e+00   1.0029070e+01   0.0000000e+00
   4.2963560e+03  -2.0000000e+00   1.0029070e+01   0.0000000e+00
   4.3067640e+03  -2.0000000e+00   1.0029070e+01   0.0000000e+00
   4.3171560e+03  -2.0000000e+00   1.0029070e+01   0.0000000e+00
   4.3275560e+03  -2.0000000e+00   1.0029070e+01   0.0000000e+00
   4.3379560e+03  -2.0000000e+00   1.0029070e+01   0.0000000e+00
   4.3483560e+03  -2.0000000e+00   1.0029070e+01   0.0000000e+00
   4.3587560e+03  -2.0000000e+00   1.0029070e+01   0.0000000e+00
   4.3691560e+03  -2.0000000e+00   1.0029070e+01   0.0000000e+00
   4.3795560e+03  -2.0000000e+00   1.0029070e+01   0.0000000e+00
   4.3899560e+03  -2.0000000e+00   1.0029070e+01   0.0000000e+00
   4.4003560e+03  -2.0000000e+00   1.0029070e+01   0.0000000e+00
   4.4107560e+03  -2.0000000e+00   1.0029070e+01   0.0000000e+00
   4.4211560e+03  -2.0000000e+00   1.0029070e+01   0.0000000e+00
   4.4315560e+03  -2.0000000e+00   1.0029070e+01   0.0000000e+00
   4.4419560e+03  -2.0000000e+00   1.0029070e+01   0.0000000e+00
   4.4523560e+03  -2.0000000e+00   1.0029070e+01   0.0000000e+00
   4.4627560e+03  -2.0000000e+00   1.0029070e+01   0.0000000e+00
   4.4731560e+03  -2.0000000e+00   1.0029070e+01   0.0000000e+00
   4.4835560e+03  -2.0000000e+00   1.0029070e+01   0.0000000e+00
   4.4939560e+03  -2.0000000e+00   1.0029070e+01   0.0000000e+00
   4.5043560e+03  -2.0000000e+00   1.0029070e+01   0.0000000e+00
   4.5147560e+03  -2.0000000e+00   1.0029070e+01   0.0000000e+00
   4.5251560e+03  -2.0000000e+00   1.0029070e+01   0.0000000e+00
   4.5355560e+03  -2.0000000e+00   1.0029070e+01   0.0000000e+00
   4.5459560e+03  -2.0000000e+00   1.0029070e+01   0.0000000e+00
   4.5563560e+03  -2.0000000e+00   1.0029070e+01   0.0000000e+00
   4.5667560e+03  -2.0000000e+00   1.0029070e+01   0.0000000e+00
   4.5771560e+03  -2.0000000e+00   1.0029070e+01   0.0000000e+00
   4.5875560e+03  -2.0000000e+00   1.0029070e+01   0.0000000e+00
   4.5979560e+03  -2.0000000e+00   1.0029070e+01   0.0000000e+00
   4.6083560e+03  -2.0000000e+00   1.0029070e+01   0.0000000e+00
   4.6187560e+03  -2.0000000e+00   1.0029070e+01   0.0000000e+00
   4.6291560e+03  -2.0000000e+00   1.0029070e+01   0.0000000e+00
   4.6395640e+03  -2.0000000e+00   1.0029070e+01   0.0000000e+00
   4.6499560e+03  -2.0000000e+00   1.0029070e+01   0.0000000e+00
   4.6603560e+03  -2.0000000e+00   1.0029070e+01   0.0000000e+00
   4.6707560e+03  -2.0000000e+00   1.0029070e+01   0.0000000e+00
   4.6811560e+03  -2.0000000e+00   1.0029070e+01   0.0000000e+00
   4.6915560e+03  -2.0000000e+00   1.0029070e+01   0.0000000e+00
   4.7019560e+03  -2.0000000e+00   1.0029070e+01   0.0000000e+00
   4.7123560e+03  -2.0000000e+00   1.0029070e+01   0.0000000e+00
   4.7227560e+03  -2.0000000e+00   1.0029070e+01   0.0000000e+00
   4.7331560e+03  -2.0000000e+00   1.0029070e+01   0.0000000e+00
   4.7435560e+03  -2.0000000e+00   1.0029070e+01   0.0000000e+00
   4.7539560e+03  -2.0000000e+00   1.0029070e+01   0.0000000e+00
   4.7643560e+03  -2.0000000e+00   1.0029070e+01   0.0000000e+00
   4.7747560e+03  -2.0000000e+00   1.0029070e+01   0.0000000e+00
   4.7851560e+03  -2.0000000e+00   1.0029070e+01   0.0000000e+00
   4.7955560e+03  -2.0000000e+00   1.0029070e+01   0.0000000e+00
   4.8059560e+03  -2.0000000e+00   1.0029070e+01   0.0000000e+00
   4.8163560e+03  -2.0000000e+00   1.0029070e+01   0.0000000e+00
   4.8267560e+03  -2.0000000e+00   1.0029070e+01   0.0000000e+00
   4.8371560e+03  -2.0000000e+00   1.0029070e+01   0.0000000e+00
   4.8475560e+03  -2.0000000e+00   1.0029070e+01   0.0000000e+00
   4.8579560e+03  -2.0000000e+00   1.0029070e+01   0.0000000e+00
   4.8683560e+03  -2.0000000e+00   1.0029070e+01   0.0000000e+00
   4.8787560e+03  -2.0000000e+00   1.0029070e+01   0.0000000e+00
   4.8891560e+03  -2.0000000e+00   1.0029070e+01   0.0000000e+00
   4.8995560e+03  -2.0000000e+00   1.0029070e+01   0.0000000e+00
   4.9099560e+03  -2.0000000e+00   1.0029070e+01   0.0000000e+00
   4.9203560e+03  -2.0000000e+00   1.0029070e+01   0.0000000e+00
   4.9307560e+03  -2.0000000e+00   1.0029070e+01   0.0000000e+00
   4.9411560e+03  -2.0000000e+00   1.0029070e+01   0.0000000e+00
   4.9515560e+03  -2.0000000e+00   1.0029070e+01   0.0000000e+00
   4.9619560e+03  -2.0000000e+00   1.0029070e+01   0.0000000e+00
   4.9723640e+03  -2.0000000e+00   1.0029070e+01   0.0000000e+00
   4.9827560e+03  -2.0000000e+00   1.0029070e+01   0.0000000e+00
   4.9931560e+03  -2.0000000e+00   1.0029070e+01   0.0000000e+00
