   8.0000000e-03   0.0000000e+00   0.0000000e+00   0.0000000e+00
   3.8600000e+00   0.0000000e+00   0.0000000e+00   0.0000000e+00
   6.7840000e+00   0.0000000e+00   0.0000000e+00   0.0000000e+00
   9.7480000e+00   0.0000000e+00   0.0000000e+00   0.0000000e+00
   1.2676000e+01   0.0000000e+00   0.0000000e+00   0.0000000e+00
   2.1948000e+01   0.0000000e+00   0.0000000e+00   0.0000000e+00
   3.2348000e+01   0.0000000e+00   0.0000000e+00   0.0000000e+00
   4.2748000e+01   0.0000000e+00   0.0000000e+00   0.0000000e+00
   5.3148000e+01   0.0000000e+00   0.0000000e+00   0.0000000e+00
   6.3548000e+01   0.0000000e+00   0.0000000e+00   0.0000000e+00
   7.3948000e+01   0.0000000e+00   0.0000000e+00   0.0000000e+00
   8.4352000e+01   0.0000000e+00   0.0000000e+00   0.0000000e+00
   9.4752000e+01   0.0000000e+00   0.0000000e+00   0.0000000e+00
   1.0514800e+02   0.0000000e+00   0.0000000e+00   0.0000000e+00
   1.1555200e+02   0.0000000e+00   0.0000000e+00   0.0000000e+00
   1.2595200e+02   0.0000000e+00   0.0000000e+00   0.0000000e+00
   1.3636000e+02   0.0000000e+00   0.0000000e+00   0.0000000e+00
   1.4675200e+02   0.0000000e+00   0.0000000e+00   0.0000000e+00
   1.5715200e+02   0.0000000e+00   0.0000000e+00   0.0000000e+00
   1.6755200e+02   0.0000000e+00   0.0000000e+00   0.0000000e+00
   1.7795200e+02   0.0000000e+00   0.0000000e+00   0.0000000e+00
   1.8835200e+02   0.0000000e+00   0.0000000e+00   0.0000000e+00
   1.9875200e+02   0.0000000e+00   0.0000000e+00   0.0000000e+00
   2.0916800e+02   0.0000000e+00   0.0000000e+00   0.0000000e+00
   2.1955200e+02   0.0000000e+00   0.0000000e+00   0.0000000e+00
   2.2995200e+02   0.0000000e+00   0.0000000e+00   0.0000000e+00
   2.4035200e+02   0.0000000e+00   0.0000000e+00   0.0000000e+00
   2.5075200e+02   0.0000000e+00   0.0000000e+00   0.0000000e+00
   2.6115200e+02   0.0000000e+00   0.0000000e+00   0.0000000e+00
   2.7156000e+02   0.0000000e+00   0.0000000e+00   0.0000000e+00
   2.8195200e+02   0.0000000e+00   0.0000000e+00   0.0000000e+00
   2.9235200e+02   0.0000000e+00   0.0000000e+00   0.0000000e+00
   3.0275200e+02   0.0000000e+00   0.0000000e+00   0.0000000e+00
   3.1315200e+02   0.0000000e+00   0.0000000e+00   0.0000000e+00
   3.2355200e+02   0.0000000e+00   0.0000000e+00   0.0000000e+00
   3.3396000e+02   0.0000000e+00   0.0000000e+00   0.0000000e+00
   3.4435200e+02   0.0000000e+00   0.0000000e+00   0.0000000e+00
   3.5475200e+02   0.0000000e+00   0.0000000e+00   0.0000000e+00
   3.6515200e+02   0.0000000e+00   0.0000000e+00   0.0000000e+00
   3.7555200e+02   0.0000000e+00   0.0000000e+00   0.0000000e+00
   3.8595200e+02   0.0000000e+00   0.0000000e+00   0.0000000e+00
   3.9635200e+02   0.0000000e+00   0.0000000e+00   0.0000000e+00
   4.0675200e+02   0.0000000e+00   0.0000000e+00   0.0000000e+00
   4.1715200e+02   0.0000000e+00   0.0000000e+00   0.0000000e+00
   4.2755200e+02   0.0000000e+00   0.0000000e+00   0.0000000e+00
   4.3795200e+02   0.0000000e+00   0.0000000e+00   0.0000000e+00
   4.4835200e+02   0.0000000e+00   0.0000000e+00   0.0000000e+00
   4.5875200e+02   0.0000000e+00   0.0000000e+00   0.0000000e+00
   4.6916000e+02   0.0000000e+00   0.0000000e+00   0.0000000e+00
   4.7955200e+02   0.0000000e+00   0.0000000e+00   0.0000000e+00
   4.8995200e+02   0.0000000e+00   0.0000000e+00   0.0000000e+00
   5.0035200e+02   0.0000000e+00   0.0000000e+00   0.0000000e+00
   5.1075200e+02   0.0000000e+00   0.0000000e+00   0.0000000e+00
   5.2115200e+02   0.0000000e+00   0.0000000e+00   0.0000000e+00
   5.3155200e+02   0.0000000e+00   0.0000000e+00   0.0000000e+00
   5.4195200e+02   0.0000000e+00   0.0000000e+00   0.0000000e+00
   5.5235200e+02   0.0000000e+00   0.0000000e+00   0.0000000e+00
   5.6275200e+02   0.0000000e+00   0.0000000e+00   0.0000000e+00
   5.7315200e+02   0.0000000e+00   0.0000000e+00   0.0000000e+00
   5.8355200e+02   0.0000000e+00   0.0000000e+00   0.0000000e+00
   5.9395200e+02   0.0000000e+00   0.0000000e+00   0.0000000e+00
   6.0436000e+02   0.0000000e+00   0.0000000e+00   0.0000000e+00
   6.1475200e+02   0.0000000e+00   0.0000000e+00   0.0000000e+00
   6.2515200e+02   0.0000000e+00   0.0000000e+00   0.0000000e+00
   6.3555200e+02   0.0000000e+00   0.0000000e+00   0.0000000e+00
   6.4595200e+02   0.0000000e+00   0.0000000e+00   0.0000000e+00
   6.5635200e+02   0.0000000e+00   0.0000000e+00   0.0000000e+00
   6.6676000e+02   0.0000000e+00   0.0000000e+00   0.0000000e+00
   6.7715200e+02   0.0000000e+00   0.0000000e+00   0.0000000e+00
   6.8755200e+02   0.0000000e+00   0.0000000e+00   0.0000000e+00
   6.9795200e+02   0.0000000e+00   0.0000000e+00   0.0000000e+00
   7.0835200e+02   0.0000000e+00   0.0000000e+00   0.0000000e+00
   7.1875200e+02   0.0000000e+00   0.0000000e+00   0.0000000e+00
   7.2915200e+02   0.0000000e+00   0.0000000e+00   0.0000000e+00
   7.3955200e+02   0.0000000e+00   0.0000000e+00   0.0000000e+00
   7.4995200e+02   0.0000000e+00   0.0000000e+00   0.0000000e+00
   7.6035200e+02   0.0000000e+00   0.0000000e+00   0.0000000e+00
   7.7075200e+02   0.0000000e+00   0.0000000e+00   0.0000000e+00
   7.8115200e+02   0.0000000e+00   0.0000000e+00   0.0000000e+00
   7.9155200e+02   0.0000000e+00   0.0000000e+00   0.0000000e+00
   8.0196000e+02   0.0000000e+00   0.0000000e+00   0.0000000e+00
   8.1235200e+02   0.0000000e+00   0.0000000e+00   0.0000000e+00
   8.2275200e+02   0.0000000e+00   0.0000000e+00   0.0000000e+00
   8.3315200e+02   0.0000000e+00   0.0000000e+00   0.0000000e+00
   8.4355200e+02   0.0000000e+00   0.0000000e+00   0.0000000e+00
   8.5395200e+02   0.0000000e+00   0.0000000e+00   0.0000000e+00
   8.6435200e+02   0.0000000e+00   0.0000000e+00   0.0000000e+00
   8.7475200e+02   0.0000000e+00   0.0000000e+00   0.0000000e+00
   8.8515200e+02   0.0000000e+00   0.0000000e+00   0.0000000e+00
   8.9555200e+02   0.0000000e+00   0.0000000e+00   0.0000000e+00
   9.0595200e+02   0.0000000e+00   0.0000000e+00   0.0000000e+00
   9.1635200e+02   0.0000000e+00   0.0000000e+00   0.0000000e+00
   9.2675200e+02   0.0000000e+00   0.0000000e+00   0.0000000e+00
   9.3716000e+02   0.0000000e+00   0.0000000e+00   0.0000000e+00
   9.4755200e+02   0.0000000e+00   0.0000000e+00   0.0000000e+00
   9.5795200e+02   0.0000000e+00   0.0000000e+00   0.0000000e+00
   9.6835200e+02   0.0000000e+00   0.0000000e+00   0.0000000e+00
   9.7875200e+02   0.0000000e+00   0.0000000e+00   0.0000000e+00
   9.8915200e+02   0.0000000e+00   0.0000000e+00   0.0000000e+00
   9.9956000e+02   0.0000000e+00   0.0000000e+00   0.0000000e+00
   1.0099520e+03   0.0000000e+00   0.0000000e+00   0.0000000e+00
   1.0203280e+03   0.0000000e+00   0.0000000e+00   0.0000000e+00
   1.0307280e+03   0.0000000e+00   0.0000000e+00   0.0000000e+00
   1.0411280e+03   0.0000000e+00   0.0000000e+00   0.0000000e+00
   1.0515280e+03   0.0000000e+00   0.0000000e+00   0.0000000e+00
   1.0619280e+03   0.0000000e+00   0.0000000e+00   0.0000000e+00
   1.0723280e+03   0.0000000e+00   0.0000000e+00   0.0000000e+00
   1.0827280e+03   0.0000000e+00   0.0000000e+00   0.0000000e+00
   1.0931280e+03   0.0000000e+00   0.0000000e+00   0.0000000e+00
   1.1035280e+03   0.0000000e+00   0.0000000e+00   0.0000000e+00
   1.1139280e+03   0.0000000e+00   0.0000000e+00   0.0000000e+00
   1.1243280e+03   0.0000000e+00   0.0000000e+00   0.0000000e+00
   1.1347320e+03   0.0000000e+00   0.0000000e+00   0.0000000e+00
   1.1451280e+03   0.0000000e+00   0.0000000e+00   0.0000000e+00
   1.1555280e+03   0.0000000e+00   0.0000000e+00   0.0000000e+00
   1.1659280e+03   0.0000000e+00   0.0000000e+00   0.0000000e+00
   1.1763280e+03   0.0000000e+00   0.0000000e+00   0.0000000e+00
   1.1867280e+03   0.0000000e+00   0.0000000e+00   0.0000000e+00
   1.1971280e+03   0.0000000e+00   0.0000000e+00   0.0000000e+00
   1.2075280e+03   0.0000000e+00   0.0000000e+00   0.0000000e+00
   1.2179280e+03   0.0000000e+00   0.0000000e+00   0.0000000e+00
   1.2283280e+03   0.0000000e+00   0.0000000e+00   0.0000000e+00
   1.2387280e+03   0.0000000e+00   0.0000000e+00   0.0000000e+00
   1.2491280e+03   0.0000000e+00   0.0000000e+00   0.0000000e+00
   1.2595280e+03   0.0000000e+00   0.0000000e+00   0.0000000e+00
   1.2699320e+03   0.0000000e+00   0.0000000e+00   0.0000000e+00
   1.2803280e+03   0.0000000e+00   0.0000000e+00   0.0000000e+00
   1.2907280e+03   0.0000000e+00   0.0000000e+00   0.0000000e+00
   1.3011280e+03   0.0000000e+00   0.0000000e+00   0.0000000e+00
   1.3115280e+03   0.0000000e+00   0.0000000e+00   0.0000000e+00
   1.3219280e+03   0.0000000e+00   0.0000000e+00   0.0000000e+00
   1.3323280e+03   0.0000000e+00   0.0000000e+00   0.0000000e+00
   1.3427280e+03   0.0000000e+00   0.0000000e+00   0.0000000e+00
   1.3531280e+03   0.0000000e+00   0.0000000e+00   0.0000000e+00
   1.3635280e+03   0.0000000e+00   0.0000000e+00   0.0000000e+00
   1.3739280e+03   0.0000000e+00   0.0000000e+00   0.0000000e+00
   1.3843280e+03   0.0000000e+00   0.0000000e+00   0.0000000e+00
   1.3947280e+03   0.0000000e+00   0.0000000e+00   0.0000000e+00
   1.4051280e+03   0.0000000e+00   0.0000000e+00   0.0000000e+00
   1.4155280e+03   0.0000000e+00   0.0000000e+00   0.0000000e+00
   1.4259280e+03   0.0000000e+00   0.0000000e+00   0.0000000e+00
   1.4363280e+03   0.0000000e+00   0.0000000e+00   0.0000000e+00
   1.4467280e+03   0.0000000e+00   0.0000000e+00   0.0000000e+00
   1.4571280e+03   0.0000000e+00   0.0000000e+00   0.0000000e+00
   1.4675360e+03   0.0000000e+00   0.0000000e+00   0.0000000e+00
   1.4779280e+03   0.0000000e+00   0.0000000e+00   0.0000000e+00
   1.4883280e+03   0.0000000e+00   0.0000000e+00   0.0000000e+00
   1.4987280e+03   0.0000000e+00   0.0000000e+00   0.0000000e+00
   1.5091280e+03   0.0000000e+00   0.0000000e+00   0.0000000e+00
   1.5195280e+03   0.0000000e+00   0.0000000e+00   0.0000000e+00
   1.5299280e+03   0.0000000e+00   0.0000000e+00   0.0000000e+00
   1.5403280e+03   0.0000000e+00   0.0000000e+00   0.0000000e+00
   1.5507280e+03   0.0000000e+00   0.0000000e+00   0.0000000e+00
   1.5611280e+03   0.0000000e+00   0.0000000e+00   0.0000000e+00
   1.5715280e+03   0.0000000e+00   0.0000000e+00   0.0000000e+00
   1.5819280e+03   0.0000000e+00   0.0000000e+00   0.0000000e+00
   1.5923280e+03   0.0000000e+00   0.0000000e+00   0.0000000e+00
   1.6027360e+03   0.0000000e+00   0.0000000e+00   0.0000000e+00
   1.6131280e+03   0.0000000e+00   0.0000000e+00   0.0000000e+00
   1.6235280e+03   0.0000000e+00   0.0000000e+00   0.0000000e+00
   1.6339280e+03   0.0000000e+00   0.0000000e+00   0.0000000e+00
   1.6443280e+03   0.0000000e+00   0.0000000e+00   0.0000000e+00
   1.6547280e+03   0.0000000e+00   0.0000000e+00   0.0000000e+00
   1.6651280e+03   0.0000000e+00   0.0000000e+00   0.0000000e+00
   1.6755280e+03   0.0000000e+00   0.0000000e+00   0.0000000e+00
   1.6859280e+03   0.0000000e+00   0.0000000e+00   0.0000000e+00
   1.6963280e+03   0.0000000e+00   0.0000000e+00   0.0000000e+00
   1.7067280e+03   0.0000000e+00   0.0000000e+00   0.0000000e+00
   1.7171280e+03   0.0000000e+00   0.0000000e+00   0.0000000e+00
   1.7275280e+03   0.0000000e+00   0.0000000e+00   0.0000000e+00
   1.7379280e+03   0.0000000e+00   0.0000000e+00   0.0000000e+00
   1.7483280e+03   0.0000000e+00   0.0000000e+00   0.0000000e+00
   1.7587280e+03   0.0000000e+00   0.0000000e+00   0.0000000e+00
   1.7691280e+03   0.0000000e+00   0.0000000e+00   0.0000000e+00
   1.7795280e+03   0.0000000e+00   0.0000000e+00   0.0000000e+00
   1.7899280e+03   0.0000000e+00   0.0000000e+00   0.0000000e+00
   1.8003360e+03   0.0000000e+00   0.0000000e+00   0.0000000e+00
   1.8107280e+03   0.0000000e+00   0.0000000e+00   0.0000000e+00
   1.8211280e+03   0.0000000e+00   0.0000000e+00   0.0000000e+00
   1.8315280e+03   0.0000000e+00   0.0000000e+00   0.0000000e+00
   1.8419280e+03   0.0000000e+00  -4.3604651e-02  -6.9879249e-01
   1.8523280e+03   0.0000000e+00  -4.3604651e-02   0.0000000e+00
   1.8627280e+03   0.0000000e+00  -4.3604651e-02   0.0000000e+00
   1.8731280e+03   0.0000000e+00  -4.3604651e-02   0.0000000e+00
   1.8835280e+03   0.0000000e+00  -4.3604651e-02   0.0000000e+00
   1.8939280e+03   0.0000000e+00  -4.3604651e-02   0.0000000e+00
   1.9043280e+03   0.0000000e+00  -4.3604651e-02   0.0000000e+00
   1.9147280e+03   0.0000000e+00  -4.3604651e-02   0.0000000e+00
   1.9251280e+03   0.0000000e+00  -4.3604651e-02   0.0000000e+00
   1.9355360e+03   0.0000000e+00  -4.3604651e-02   0.0000000e+00
   1.9459280e+03   0.0000000e+00  -4.3604651e-02   0.0000000e+00
   1.9563280e+03   0.0000000e+00  -4.3604651e-02   0.0000000e+00
   1.9667280e+03   0.0000000e+00  -4.3604651e-02   0.0000000e+00
   1.9771280e+03   0.0000000e+00  -4.3604651e-02   0.0000000e+00
   1.9875280e+03   0.0000000e+00  -4.3604651e-02   0.0000000e+00
   1.9979280e+03   0.0000000e+00  -4.3604651e-02   0.0000000e+00
   2.0083280e+03   0.0000000e+00  -4.3604651e-02   0.0000000e+00
   2.0187280e+03   0.0000000e+00  -4.3604651e-02   0.0000000e+00
   2.0291280e+03   0.0000000e+00  -4.3604651e-02   0.0000000e+00
   2.0395280e+03   0.0000000e+00  -4.3604651e-02   0.0000000e+00
   2.0499280e+03   0.0000000e+00  -4.3604651e-02   0.0000000e+00
   2.0603280e+03   0.0000000e+00  -4.3604651e-02   0.0000000e+00
   2.0707280e+03   0.0000000e+00  -4.3604651e-02   0.0000000e+00
   2.0811280e+03   0.0000000e+00  -4.3604651e-02   0.0000000e+00
   2.0915280e+03   0.0000000e+00  -4.3604651e-02   0.0000000e+00
   2.1019280e+03   0.0000000e+00  -4.3604651e-02   0.0000000e+00
   2.1123280e+03   0.0000000e+00  -4.3604651e-02   0.0000000e+00
   2.1227280e+03   0.0000000e+00  -4.3604651e-02   0.0000000e+00
   2.1331360e+03   0.0000000e+00  -4.3604651e-02   0.0000000e+00
   2.1435280e+03   0.0000000e+00  -4.3604651e-02   0.0000000e+00
   2.1539280e+03   0.0000000e+00  -4.3604651e-02   0.0000000e+00
   2.1643280e+03   0.0000000e+00  -4.3604651e-02   0.0000000e+00
   2.1747280e+03   0.0000000e+00  -4.3604651e-02   0.0000000e+00
   2.1851280e+03   0.0000000e+00  -4.3604651e-02   0.0000000e+00
   2.1955280e+03   0.0000000e+00  -4.3604651e-02   0.0000000e+00
   2.2059280e+03   0.0000000e+00  -4.3604651e-02   0.0000000e+00
   2.2163280e+03   0.0000000e+00  -4.3604651e-02   0.0000000e+00
   2.2267280e+03   0.0000000e+00  -4.3604651e-02   0.0000000e+00
   2.2371280e+03   0.0000000e+00  -4.3604651e-02   0.0000000e+00
   2.2475280e+03   0.0000000e+00  -4.3604651e-02   0.0000000e+00
   2.2579280e+03   0.0000000e+00  -4.3604651e-02   0.0000000e+00
   2.2683320e+03   0.0000000e+00  -4.3604651e-02   0.0000000e+00
   2.2787280e+03   0.0000000e+00  -4.3604651e-02   0.0000000e+00
   2.2891280e+03   0.0000000e+00  -4.3604651e-02   0.0000000e+00
   2.2995280e+03   0.0000000e+00  -4.3604651e-02   0.0000000e+00
   2.3099280e+03   0.0000000e+00  -4.3604651e-02   0.0000000e+00
   2.3203280e+03   0.0000000e+00  -4.3604651e-02   0.0000000e+00
   2.3307280e+03   0.0000000e+00  -4.3604651e-02   0.0000000e+00
   2.3411280e+03   0.0000000e+00  -4.3604651e-02   0.0000000e+00
   2.3515280e+03   0.0000000e+00  -4.3604651e-02   0.0000000e+00
   2.3619280e+03   0.0000000e+00  -4.3604651e-02   0.0000000e+00
   2.3723280e+03   0.0000000e+00  -4.3604651e-02   0.0000000e+00
   2.3827280e+03   0.0000000e+00  -4.3604651e-02   0.0000000e+00
   2.3931280e+03   0.0000000e+00  -4.3604651e-02   0.0000000e+00
   2.4035280e+03   0.0000000e+00  -4.3604651e-02   0.0000000e+00
   2.4139280e+03   0.0000000e+00  -4.3604651e-02   0.0000000e+00
   2.4243280e+03   0.0000000e+00  -4.3604651e-02   0.0000000e+00
   2.4347280e+03   0.0000000e+00  -4.3604651e-02   0.0000000e+00
   2.4451280e+03   0.0000000e+00  -4.3604651e-02   0.0000000e+00
   2.4555280e+03   0.0000000e+00  -4.3604651e-02   0.0000000e+00
   2.4659360e+03   0.0000000e+00  -4.3604651e-02   0.0000000e+00
   2.4763280e+03   0.0000000e+00  -4.3604651e-02   0.0000000e+00
   2.4867280e+03   0.0000000e+00  -4.3604651e-02   0.0000000e+00
   2.4971280e+03   0.0000000e+00  -4.3604651e-02   0.0000000e+00
   2.5075280e+03   0.0000000e+00  -4.3604651e-02   0.0000000e+00
   2.5179280e+03   0.0000000e+00  -4.3604651e-02   0.0000000e+00
   2.5283280e+03   0.0000000e+00  -4.3604651e-02   0.0000000e+00
   2.5387280e+03   0.0000000e+00  -4.3604651e-02   0.0000000e+00
   2.5491280e+03   0.0000000e+00  -4.3604651e-02   0.0000000e+00
   2.5595280e+03   0.0000000e+00  -4.3604651e-02   0.0000000e+00
   2.5699280e+03   0.0000000e+00  -4.3604651e-02   0.0000000e+00
   2.5803280e+03   0.0000000e+00  -4.3604651e-02   0.0000000e+00
   2.5907280e+03   0.0000000e+00  -4.3604651e-02   0.0000000e+00
   2.6011360e+03   0.0000000e+00  -4.3604651e-02   0.0000000e+00
   2.6115280e+03   0.0000000e+00  -4.3604651e-02   0.0000000e+00
   2.6219280e+03   0.0000000e+00  -4.3604651e-02   0.0000000e+00
   2.6323280e+03   0.0000000e+00  -4.3604651e-02   0.0000000e+00
   2.6427280e+03   0.0000000e+00  -4.3604651e-02   0.0000000e+00
   2.6531280e+03   0.0000000e+00  -4.3604651e-02   0.0000000e+00
   2.6635280e+03   0.0000000e+00  -4.3604651e-02   0.0000000e+00
   2.6739280e+03   0.0000000e+00  -4.3604651e-02   0.0000000e+00
   2.6843280e+03   0.0000000e+00  -4.3604651e-02   0.0000000e+00
   2.6947280e+03   0.0000000e+00  -4.3604651e-02   0.0000000e+00
   2.7051280e+03   0.0000000e+00  -4.3604651e-02   0.0000000e+00
   2.7155280e+03   0.0000000e+00  -4.3604651e-02   0.0000000e+00
   2.7259280e+03   0.0000000e+00  -4.3604651e-02   0.0000000e+00
   2.7363280e+03   0.0000000e+00  -4.3604651e-02   0.0000000e+00
   2.7467280e+03   0.0000000e+00  -4.3604651e-02   0.0000000e+00
   2.7571280e+03   0.0000000e+00  -4.3604651e-02   0.0000000e+00
   2.7675280e+03   0.0000000e+00  -4.3604651e-02   0.0000000e+00
   2.7779280e+03   0.0000000e+00  -4.3604651e-02   0.0000000e+00
   2.7883280e+03   0.0000000e+00  -4.3604651e-02   0.0000000e+00
   2.7987320e+03   0.0000000e+00  -4.3604651e-02   0.0000000e+00
   2.8091280e+03   0.0000000e+00  -4.3604651e-02   0.0000000e+00
   2.8195280e+03   0.0000000e+00  -4.3604651e-02   0.0000000e+00
   2.8299280e+03   0.0000000e+00  -4.3604651e-02   0.0000000e+00
   2.8403280e+03   0.0000000e+00  -4.3604651e-02   0.0000000e+00
   2.8507280e+03   0.0000000e+00  -4.3604651e-02   0.0000000e+00
   2.8611280e+03   0.0000000e+00  -4.3604651e-02   0.0000000e+00
   2.8715280e+03   0.0000000e+00  -4.3604651e-02   0.0000000e+00
   2.8819280e+03   0.0000000e+00  -4.3604651e-02   0.0000000e+00
   2.8923280e+03   0.0000000e+00  -4.3604651e-02   0.0000000e+00
   2.9027280e+03   0.0000000e+00  -4.3604651e-02   0.0000000e+00
   2.9131280e+03   0.0000000e+00  -4.3604651e-02   0.0000000e+00
   2.9235280e+03   0.0000000e+00  -4.3604651e-02   0.0000000e+00
   2.9339360e+03   0.0000000e+00  -4.3604651e-02   0.0000000e+00
   2.9443280e+03   0.0000000e+00  -4.3604651e-02   0.0000000e+00
   2.9547280e+03   0.0000000e+00  -4.3604651e-02   0.0000000e+00
   2.9651280e+03   0.0000000e+00  -4.3604651e-02   0.0000000e+00
   2.9755280e+03   0.0000000e+00  -4.3604651e-02   0.0000000e+00
   2.9859280e+03   0.0000000e+00  -4.3604651e-02   0.0000000e+00
   2.9963280e+03   0.0000000e+00  -4.3604651e-02   0.0000000e+00
   3.0067280e+03   0.0000000e+00  -4.3604651e-02   0.0000000e+00
   3.0171280e+03   0.0000000e+00  -4.3604651e-02   0.0000000e+00
   3.0275280e+03   0.0000000e+00  -4.3604651e-02   0.0000000e+00
   3.0379280e+03   0.0000000e+00  -4.3604651e-02   0.0000000e+00
   3.0483280e+03   0.0000000e+00  -4.3604651e-02   0.0000000e+00
   3.0587280e+03   0.0000000e+00  -4.3604651e-02   0.0000000e+00
   3.0691280e+03   0.0000000e+00  -4.3604651e-02   0.0000000e+00
   3.0795280e+03   0.0000000e+00  -4.3604651e-02   0.0000000e+00
   3.0899280e+03   0.0000000e+00  -4.3604651e-02   0.0000000e+00
   3.1003280e+03   0.0000000e+00  -4.3604651e-02   0.0000000e+00
   3.1107280e+03   0.0000000e+00  -4.3604651e-02   0.0000000e+00
   3.1211280e+03   0.0000000e+00  -4.3604651e-02   0.0000000e+00
   3.1315360e+03   0.0000000e+00  -4.3604651e-02   0.0000000e+00
   3.1419280e+03   0.0000000e+00  -4.3604651e-02   0.0000000e+00
   3.1523280e+03   0.0000000e+00  -4.3604651e-02   0.0000000e+00
   3.1627280e+03   0.0000000e+00  -4.3604651e-02   0.0000000e+00
   3.1731280e+03   0.0000000e+00  -4.3604651e-02   0.0000000e+00
   3.1835280e+03   0.0000000e+00  -4.3604651e-02   0.0000000e+00
   3.1939280e+03   0.0000000e+00  -4.3604651e-02   0.0000000e+00
   3.2043280e+03   0.0000000e+00  -4.3604651e-02   0.0000000e+00
   3.2147280e+03   0.0000000e+00  -4.3604651e-02   0.0000000e+00
   3.2251280e+03   0.0000000e+00  -4.3604651e-02   0.0000000e+00
   3.2355280e+03   0.0000000e+00  -4.3604651e-02   0.0000000e+00
   3.2459280e+03   0.0000000e+00  -4.3604651e-02   0.0000000e+00
   3.2563280e+03   0.0000000e+00  -4.3604651e-02   0.0000000e+00
   3.2667320e+03   0.0000000e+00  -4.3604651e-02   0.0000000e+00
   3.2771280e+03   0.0000000e+00  -4.3604651e-02   0.0000000e+00
   3.2875280e+03   0.0000000e+00  -4.3604651e-02   0.0000000e+00
   3.2979280e+03   0.0000000e+00  -4.3604651e-02   0.0000000e+00
   3.3083280e+03   0.0000000e+00  -4.3604651e-02   0.0000000e+00
   3.3187280e+03   0.0000000e+00  -4.3604651e-02   0.0000000e+00
   3.3291280e+03   0.0000000e+00  -4.3604651e-02   0.0000000e+00
   3.3395280e+03   0.0000000e+00  -4.3604651e-02   0.0000000e+00
   3.3499280e+03   0.0000000e+00  -4.3604651e-02   0.0000000e+00
   3.3603280e+03   0.0000000e+00  -4.3604651e-02   0.0000000e+00
   3.3707280e+03   0.0000000e+00  -4.3604651e-02   0.0000000e+00
   3.3811280e+03   0.0000000e+00  -4.3604651e-02   0.0000000e+00
   3.3915280e+03   0.0000000e+00  -4.3604651e-02   0.0000000e+00
   3.4019280e+03   0.0000000e+00  -4.3604651e-02   0.0000000e+00
   3.4123280e+03   0.0000000e+00  -4.3604651e-02   0.0000000e+00
   3.4227280e+03   0.0000000e+00  -4.3604651e-02   0.0000000e+00
   3.4331280e+03   0.0000000e+00  -4.3604651e-02   0.0000000e+00
   3.4435280e+03   0.0000000e+00  -4.3604651e-02   0.0000000e+00
   3.4539280e+03   0.0000000e+00  -4.3604651e-02   0.0000000e+00
   3.4643360e+03   0.0000000e+00  -4.3604651e-02   0.0000000e+00
   3.4747280e+03   0.0000000e+00  -4.3604651e-02   0.0000000e+00
   3.4851280e+03   0.0000000e+00  -4.3604651e-02   0.0000000e+00
   3.4955280e+03   0.0000000e+00  -4.3604651e-02   0.0000000e+00
   3.5059280e+03   0.0000000e+00  -4.3604651e-02   0.0000000e+00
   3.5163280e+03   0.0000000e+00  -4.3604651e-02   0.0000000e+00
   3.5267280e+03   0.0000000e+00  -4.3604651e-02   0.0000000e+00
   3.5371280e+03   0.0000000e+00  -4.3604651e-02   0.0000000e+00
   3.5475280e+03   0.0000000e+00  -4.3604651e-02   0.0000000e+00
   3.5579280e+03   0.0000000e+00  -4.3604651e-02   0.0000000e+00
   3.5683280e+03   0.0000000e+00  -4.3604651e-02   0.0000000e+00
   3.5787280e+03   0.0000000e+00  -4.3604651e-02   0.0000000e+00
   3.5891280e+03   0.0000000e+00  -4.3604651e-02   0.0000000e+00
   3.5995360e+03   0.0000000e+00  -4.3604651e-02   0.0000000e+00
   3.6099280e+03   0.0000000e+00  -4.3604651e-02   0.0000000e+00
   3.6203280e+03   0.0000000e+00  -4.3604651e-02   0.0000000e+00
   3.6307280e+03   0.0000000e+00  -4.3604651e-02   0.0000000e+00
   3.6411280e+03   0.0000000e+00  -4.3604651e-02   0.0000000e+00
   3.6515280e+03   0.0000000e+00  -4.3604651e-02   0.0000000e+00
   3.6619280e+03   0.0000000e+00  -4.3604651e-02   0.0000000e+00
   3.6723280e+03   0.0000000e+00  -4.3604651e-02   0.0000000e+00
   3.6827280e+03   0.0000000e+00  -4.3604651e-02   0.0000000e+00
   3.6931280e+03   0.0000000e+00  -4.3604651e-02   0.0000000e+00
   3.7035280e+03   0.0000000e+00  -4.3604651e-02   0.0000000e+00
   3.7139280e+03   0.0000000e+00  -4.3604651e-02   0.0000000e+00
   3.7243280e+03   0.0000000e+00  -4.3604651e-02   0.0000000e+00
   3.7347280e+03   0.0000000e+00  -4.3604651e-02   0.0000000e+00
   3.7451280e+03   0.0000000e+00  -4.3604651e-02   0.0000000e+00
   3.7555280e+03   0.0000000e+00  -4.3604651e-02   0.0000000e+00
   3.7659280e+03   0.0000000e+00  -4.3604651e-02   0.0000000e+00
   3.7763280e+03   0.0000000e+00  -4.3604651e-02   0.0000000e+00
   3.7867280e+03   0.0000000e+00  -4.3604651e-02   0.0000000e+00
   3.7971320e+03   0.0000000e+00  -4.3604651e-02   0.0000000e+00
   3.8075280e+03   0.0000000e+00  -4.3604651e-02   0.0000000e+00
   3.8179280e+03   0.0000000e+00  -4.3604651e-02   0.0000000e+00
   3.8283280e+03   0.0000000e+00  -4.3604651e-02   0.0000000e+00
   3.8387280e+03   0.0000000e+00  -4.3604651e-02   0.0000000e+00
   3.8491280e+03   0.0000000e+00  -4.3604651e-02   0.0000000e+00
   3.8595280e+03   0.0000000e+00  -4.3604651e-02   0.0000000e+00
   3.8699280e+03   0.0000000e+00  -4.3604651e-02   0.0000000e+00
   3.8803280e+03   0.0000000e+00  -4.3604651e-02   0.0000000e+00
   3.8907280e+03   0.0000000e+00  -4.3604651e-02   0.0000000e+00
   3.9011280e+03   0.0000000e+00  -4.3604651e-02   0.0000000e+00
   3.9115280e+03   0.0000000e+00  -4.3604651e-02   0.0000000e+00
   3.9219280e+03   0.0000000e+00  -4.3604651e-02   0.0000000e+00
   3.9323320e+03   0.0000000e+00  -4.3604651e-02   0.0000000e+00
   3.9427280e+03   0.0000000e+00  -4.3604651e-02   0.0000000e+00
   3.9531280e+03   0.0000000e+00  -4.3604651e-02   0.0000000e+00
   3.9635280e+03   0.0000000e+00  -4.3604651e-02   0.0000000e+00
   3.9739280e+03   0.0000000e+00  -4.3604651e-02   0.0000000e+00
   3.9843280e+03   0.0000000e+00  -4.3604651e-02   0.0000000e+00
   3.9947280e+03   0.0000000e+00  -4.3604651e-02   0.0000000e+00
   4.0051280e+03   0.0000000e+00  -4.3604651e-02   0.0000000e+00
   4.0155280e+03   0.0000000e+00  -4.3604651e-02   0.0000000e+00
   4.0259280e+03   0.0000000e+00  -4.3604651e-02   0.0000000e+00
   4.0363280e+03   0.0000000e+00  -4.3604651e-02   0.0000000e+00
   4.0467280e+03   0.0000000e+00  -4.3604651e-02   0.0000000e+00
   4.0571280e+03   0.0000000e+00  -4.3604651e-02   0.0000000e+00
   4.0675280e+03   0.0000000e+00  -4.3604651e-02   0.0000000e+00
   4.0779280e+03   0.0000000e+00  -4.3604651e-02   0.0000000e+00
   4.0883440e+03   0.0000000e+00  -4.3604651e-02   0.0000000e+00
   4.0987280e+03   0.0000000e+00  -4.3604651e-02   0.0000000e+00
   4.1091280e+03   0.0000000e+00  -4.3604651e-02   0.0000000e+00
   4.1195280e+03   0.0000000e+00  -4.3604651e-02   0.0000000e+00
   4.1299360e+03   0.0000000e+00  -4.3604651e-02   0.0000000e+00
   4.1403280e+03   0.0000000e+00  -4.3604651e-02   0.0000000e+00
   4.1507280e+03   0.0000000e+00  -4.3604651e-02   0.0000000e+00
   4.1611280e+03   0.0000000e+00  -4.3604651e-02   0.0000000e+00
   4.1715280e+03   0.0000000e+00  -4.3604651e-02   0.0000000e+00
   4.1819280e+03   0.0000000e+00  -4.3604651e-02   0.0000000e+00
   4.1923280e+03   0.0000000e+00  -4.3604651e-02   0.0000000e+00
   4.2027280e+03   0.0000000e+00  -4.3604651e-02   0.0000000e+00
   4.2131280e+03   0.0000000e+00  -4.3604651e-02   0.0000000e+00
   4.2235280e+03   0.0000000e+00  -4.3604651e-02   0.0000000e+00
   4.2339280e+03   0.0000000e+00  -4.3604651e-02   0.0000000e+00
   4.2443280e+03   0.0000000e+00  -4.3604651e-02   0.0000000e+00
   4.2547280e+03   0.0000000e+00  -4.3604651e-02   0.0000000e+00
   4.2651360e+03   0.0000000e+00  -4.3604651e-02   0.0000000e+00
   4.2755280e+03   0.0000000e+00  -4.3604651e-02   0.0000000e+00
   4.2859280e+03   0.0000000e+00  -4.3604651e-02   0.0000000e+00
   4.2963280e+03   0.0000000e+00  -4.3604651e-02   0.0000000e+00
   4.3067280e+03   0.0000000e+00  -4.3604651e-02   0.0000000e+00
   4.3171280e+03   0.0000000e+00  -4.3604651e-02   0.0000000e+00
   4.3275280e+03   0.0000000e+00  -4.3604651e-02   0.0000000e+00
   4.3379280e+03   0.0000000e+00  -4.3604651e-02   0.0000000e+00
   4.3483280e+03   0.0000000e+00  -4.3604651e-02   0.0000000e+00
   4.3587280e+03   0.0000000e+00  -4.3604651e-02   0.0000000e+00
   4.3691280e+03   0.0000000e+00  -4.3604651e-02   0.0000000e+00
   4.3795280e+03   0.0000000e+00  -4.3604651e-02   0.0000000e+00
   4.3899280e+03   0.0000000e+00  -4.3604651e-02   0.0000000e+00
   4.4003280e+03   0.0000000e+00  -4.3604651e-02   0.0000000e+00
   4.4107280e+03   0.0000000e+00  -4.3604651e-02   0.0000000e+00
   4.4211280e+03   0.0000000e+00  -4.3604651e-02   0.0000000e+00
   4.4315280e+03   0.0000000e+00  -4.3604651e-02   0.0000000e+00
   4.4419280e+03   0.0000000e+00  -4.3604651e-02   0.0000000e+00
   4.4523280e+03   0.0000000e+00  -4.3604651e-02   0.0000000e+00
   4.4627320e+03   0.0000000e+00  -4.3604651e-02   0.0000000e+00
   4.4731280e+03   0.0000000e+00  -4.3604651e-02   0.0000000e+00
   4.4835280e+03   0.0000000e+00  -4.3604651e-02   0.0000000e+00
   4.4939280e+03   0.0000000e+00  -4.3604651e-02   0.0000000e+00
   4.5043280e+03   0.0000000e+00  -4.3604651e-02   0.0000000e+00
   4.5147280e+03   0.0000000e+00  -4.3604651e-02   0.0000000e+00
   4.5251280e+03   0.0000000e+00  -4.3604651e-02   0.0000000e+00
   4.5355280e+03   0.0000000e+00  -4.3604651e-02   0.0000000e+00
   4.5459280e+03   0.0000000e+00  -4.3604651e-02   0.0000000e+00
   4.5563280e+03   0.0000000e+00  -4.3604651e-02   0.0000000e+00
   4.5667280e+03   0.0000000e+00  -4.3604651e-02   0.0000000e+00
   4.5771280e+03   0.0000000e+00  -4.3604651e-02   0.0000000e+00
   4.5875280e+03   0.0000000e+00  -4.3604651e-02   0.0000000e+00
   4.5979360e+03   0.0000000e+00  -4.3604651e-02   0.0000000e+00
   4.6083280e+03   0.0000000e+00  -4.3604651e-02   0.0000000e+00
   4.6187280e+03   0.0000000e+00  -4.3604651e-02   0.0000000e+00
   4.6291280e+03   0.0000000e+00  -4.3604651e-02   0.0000000e+00
   4.6395280e+03   0.0000000e+00  -4.3604651e-02   0.0000000e+00
   4.6499280e+03   0.0000000e+00  -4.3604651e-02   0.0000000e+00
   4.6603280e+03   0.0000000e+00  -4.3604651e-02   0.0000000e+00
   4.6707280e+03   0.0000000e+00  -4.3604651e-02   0.0000000e+00
   4.6811280e+03   0.0000000e+00  -4.3604651e-02   0.0000000e+00
   4.6915280e+03   0.0000000e+00  -4.3604651e-02   0.0000000e+00
   4.7019280e+03   0.0000000e+00  -4.3604651e-02   0.0000000e+00
   4.7123280e+03   0.0000000e+00  -4.3604651e-02   0.0000000e+00
   4.7227280e+03   0.0000000e+00  -4.3604651e-02   0.0000000e+00
   4.7331280e+03   0.0000000e+00  -4.3604651e-02   0.0000000e+00
   4.7435280e+03   0.0000000e+00  -4.3604651e-02   0.0000000e+00
   4.7539280e+03   0.0000000e+00  -4.3604651e-02   0.0000000e+00
   4.7643280e+03   0.0000000e+00  -4.3604651e-02   0.0000000e+00
   4.7747280e+03   0.0000000e+00  -4.3604651e-02   0.0000000e+00
   4.7851280e+03   0.0000000e+00  -4.3604651e-02   0.0000000e+00
   4.7955360e+03   0.0000000e+00  -4.3604651e-02   0.0000000e+00
   4.8059280e+03   0.0000000e+00  -4.3604651e-02   0.0000000e+00
   4.8163280e+03   0.0000000e+00  -4.3604651e-02   0.0000000e+00
   4.8267280e+03   0.0000000e+00  -4.3604651e-02   0.0000000e+00
   4.8371280e+03   0.0000000e+00  -4.3604651e-02   0.0000000e+00
   4.8475280e+03   0.0000000e+00  -4.3604651e-02   0.0000000e+00
   4.8579280e+03   0.0000000e+00  -4.3604651e-02   0.0000000e+00
   4.8683280e+03   0.0000000e+00  -4.3604651e-02   0.0000000e+00
   4.8787280e+03   0.0000000e+00  -4.3604651e-02   0.0000000e+00
   4.8891280e+03   0.0000000e+00  -4.3604651e-02   0.0000000e+00
   4.8995280e+03   0.0000000e+00  -4.3604651e-02   0.0000000e+00
   4.9099440e+03   0.0000000e+00  -4.3604651e-02   0.0000000e+00
   4.9203280e+03   0.0000000e+00  -4.3604651e-02   0.0000000e+00
   4.9307360e+03   0.0000000e+00  -4.3604651e-02   0.0000000e+00
   4.9411280e+03   0.0000000e+00  -4.3604651e-02   0.0000000e+00
   4.9515280e+03   0.0000000e+00  -4.3604651e-02   0.0000000e+00
   4.9619280e+03   0.0000000e+00  -4.3604651e-02   0.0000000e+00
   4.9723280e+03   0.0000000e+00  -4.3604651e-02   0.0000000e+00
   4.9827280e+03   0.0000000e+00  -4.3604651e-02   0.0000000e+00
   4.9931280e+03   0.0000000e+00  -4.3604651e-02   0.0000000e+00
